80 0.164454 0.592920 0.033923 0.022124
80 0.175516 0.508850 0.008850 0.008850
80 0.224926 0.504425 0.007375 0.004425
80 0.245575 0.507743 0.007375 0.006637
80 0.274336 0.503319 0.005900 0.002212
80 0.698378 0.498894 0.016224 0.002212
80 0.756637 0.502212 0.020649 0.008850
80 0.870944 0.495575 0.022124 0.008850
80 0.983038 0.504425 0.025074 0.013274
0 0.452129 0.612119 0.318859 0.739332
2 0.114838 0.600116 0.196036 0.146507
2 0.020052 0.683321 0.040065 0.199491
1 0.508784 0.843747 0.582171 0.304289
1 0.684432 0.845952 0.234011 0.295806
2 0.889109 0.508873 0.141633 0.106015
2 0.975618 0.501204 0.046505 0.114301
2 0.270346 0.500669 0.070388 0.068602
2 0.702022 0.505710 0.074939 0.099942
2 0.738597 0.506551 0.139566 0.101065
2 0.750168 0.505095 0.100126 0.097682
