80 0.087021 0.648230 0.032448 0.026549
80 0.362832 0.485619 0.017699 0.019911
80 0.435841 0.684734 0.028024 0.024336
80 0.522861 0.485619 0.016224 0.011062
80 0.651180 0.509956 0.019174 0.019911
80 0.730088 0.420354 0.017699 0.013274
80 0.784661 0.852876 0.044248 0.037611
80 0.820059 0.521018 0.020649 0.015487
2 0.749750 0.840505 0.314786 0.313084
2 0.103484 0.601828 0.185494 0.234930
2 0.431992 0.628986 0.176196 0.199812
2 0.644113 0.501222 0.112856 0.139339
2 0.813498 0.516905 0.121625 0.135984
2 0.968846 0.822035 0.059952 0.284268
9 0.850666 0.131968 0.032861 0.120395
9 0.146753 0.089829 0.045740 0.147663
9 0.364360 0.160624 0.041784 0.097994
2 0.522928 0.463509 0.087618 0.099938
