2 0.509928 0.572267 0.055089 0.173493
2 0.699767 0.590440 0.151643 0.263547
2 0.607198 0.544080 0.078213 0.132907
2 0.575866 0.530787 0.067383 0.094533
2 0.195753 0.643947 0.156143 0.259147
2 0.387138 0.540520 0.045853 0.104080
2 0.439304 0.516960 0.029525 0.067947
2 0.240395 0.578347 0.091514 0.136160
2 0.292709 0.545840 0.058043 0.124960
2 0.479283 0.503080 0.022834 0.042747
2 0.352738 0.529040 0.043816 0.079787
2 0.410628 0.518893 0.037536 0.055120
2 0.107258 0.569173 0.099042 0.138667
2 0.117395 0.541680 0.094082 0.095253
2 0.532480 0.498053 0.020209 0.041547
