2 0.498543 0.528520 0.048470 0.130693
2 0.050479 0.745760 0.100958 0.503147
2 0.141735 0.699320 0.214968 0.383067
2 0.279046 0.559760 0.111377 0.192373
2 0.390805 0.596413 0.100097 0.200293
2 0.416989 0.554587 0.057472 0.159307
2 0.363023 0.529160 0.072214 0.106480
2 0.858502 0.498667 0.281385 0.997333
0 0.737214 0.688787 0.057166 0.431120
2 0.678816 0.653227 0.172222 0.354987
2 0.611308 0.585733 0.100298 0.203093
2 0.578257 0.527653 0.060233 0.158720
2 0.532009 0.496213 0.028720 0.072533
7 0.529058 0.439987 0.037134 0.145733
2 0.058643 0.570587 0.117287 0.421173
2 0.491896 0.504520 0.030684 0.092720
2 0.188905 0.515000 0.070113 0.097413
80 0.011272 0.790667 0.022544 0.061333
