2 0.091091 0.742347 0.182182 0.509973
2 0.112822 0.672760 0.225644 0.406480
2 0.159352 0.625360 0.276787 0.317867
2 0.199666 0.586960 0.174243 0.241973
2 0.260700 0.588600 0.159243 0.198800
2 0.277371 0.566667 0.155515 0.174187
2 0.322448 0.529467 0.109308 0.147253
2 0.338398 0.520467 0.110000 0.165947
1 0.448845 0.515907 0.009911 0.079973
2 0.696916 0.710333 0.178486 0.395760
2 0.764372 0.588493 0.199710 0.252667
2 0.677858 0.562507 0.116908 0.159360
2 0.639014 0.546160 0.106981 0.133760
2 0.620085 0.534653 0.100443 0.109307
2 0.613619 0.527293 0.083760 0.122533
2 0.385072 0.519747 0.074670 0.082320
2 0.398961 0.514000 0.064589 0.075947
2 0.525576 0.515400 0.027303 0.067920
2 0.501490 0.472787 0.011852 0.045040
80 0.728261 0.796000 0.045894 0.050667
80 0.102657 0.829333 0.033011 0.069333
