2 0.477979 0.557067 0.047520 0.129920
2 0.090318 0.722880 0.180636 0.410187
2 0.232122 0.784280 0.288237 0.426107
2 0.349911 0.652293 0.110177 0.287573
2 0.380097 0.600733 0.076651 0.184613
2 0.297971 0.587413 0.101272 0.158133
2 0.437524 0.523573 0.027432 0.067680
2 0.871864 0.773493 0.254662 0.447680
2 0.741035 0.766947 0.277528 0.460773
2 0.612593 0.610107 0.102593 0.262827
2 0.524887 0.538840 0.038390 0.092507
7 0.521787 0.465893 0.045733 0.175093
0 0.565266 0.513107 0.010193 0.096347
2 0.190898 0.544413 0.070749 0.093840
2 0.475580 0.533373 0.029855 0.091013
2 0.059557 0.575907 0.115024 0.142000
80 0.781401 0.793333 0.053945 0.061333
80 0.190821 0.838667 0.059581 0.066667
