2 0.461006 0.540773 0.037633 0.102400
2 0.272073 0.758760 0.239783 0.477147
2 0.207540 0.617533 0.168849 0.268240
2 0.318514 0.555747 0.100733 0.122907
2 0.347065 0.540773 0.076256 0.117493
2 0.377540 0.530773 0.067206 0.084853
2 0.394308 0.525960 0.050306 0.075013
2 0.403152 0.503720 0.053229 0.084773
7 0.787403 0.498667 0.299734 0.997333
2 0.568410 0.578733 0.071924 0.183547
2 0.533724 0.541600 0.043841 0.110987
7 0.518160 0.466173 0.049557 0.205840
2 0.100020 0.562493 0.112424 0.134587
2 0.463611 0.520400 0.027850 0.081333
80 0.235507 0.868000 0.053945 0.061333
