0 0.909972 0.588133 0.076224 0.510773
1 0.229513 0.687120 0.095386 0.498187
2 0.771002 0.721347 0.272456 0.551973
2 0.632959 0.588093 0.124549 0.338480
2 0.587991 0.538240 0.081618 0.234773
2 0.566200 0.529280 0.051079 0.149867
0 0.530837 0.477613 0.008052 0.099547
0 0.533370 0.479187 0.011538 0.095867
2 0.439195 0.482627 0.023011 0.076560
0 0.488027 0.476800 0.006715 0.064427
2 0.377186 0.530320 0.050395 0.118347
2 0.034658 0.781707 0.069316 0.431253
2 0.126932 0.743040 0.253865 0.459573
2 0.267218 0.623173 0.135499 0.264587
2 0.330797 0.557187 0.082963 0.184133
80 0.816023 0.789333 0.061997 0.069333
