2 0.062411 0.772200 0.124823 0.450267
2 0.195475 0.747027 0.273317 0.483760
2 0.975366 0.534573 0.047657 0.294373
2 0.874919 0.548573 0.127665 0.241040
2 0.798514 0.534453 0.106755 0.201973
2 0.761948 0.517920 0.103140 0.165227
2 0.730149 0.510440 0.097931 0.150533
2 0.704859 0.513773 0.096159 0.121893
2 0.612645 0.583093 0.094372 0.239147
2 0.580910 0.551493 0.059130 0.140480
2 0.382593 0.562987 0.077907 0.176480
2 0.412516 0.522440 0.060781 0.167760
2 0.630636 0.488880 0.070000 0.101173
7 0.517681 0.454813 0.047375 0.163013
