2 0.501385 0.535333 0.050113 0.156853
2 0.906481 0.735507 0.185427 0.523653
2 0.788023 0.664240 0.205386 0.415200
2 0.714899 0.571067 0.151538 0.288587
2 0.623913 0.509987 0.121320 0.210587
2 0.585862 0.510960 0.082528 0.116000
2 0.553659 0.486560 0.051119 0.069920
2 0.241663 0.534147 0.083808 0.139653
2 0.387355 0.473907 0.052311 0.153840
2 0.292556 0.524707 0.057013 0.106480
2 0.332073 0.516707 0.041892 0.071173
2 0.384320 0.491827 0.030185 0.053627
2 0.233257 0.519387 0.046610 0.088800
80 0.955314 0.841333 0.087762 0.093333
