0 0.641445 0.678587 0.055821 0.475200
0 0.699996 0.661493 0.067367 0.485707
0 0.040350 0.691547 0.062536 0.485547
0 0.314376 0.590600 0.038382 0.292027
0 0.544300 0.548560 0.021739 0.203520
0 0.704477 0.574120 0.066779 0.308293
0 0.912295 0.581093 0.071385 0.410453
0 0.832581 0.562320 0.039187 0.323040
0 0.363768 0.563973 0.026844 0.199627
0 0.337158 0.562280 0.025765 0.205360
0 0.960314 0.572933 0.062528 0.390240
2 0.440660 0.490733 0.025556 0.085467
2 0.369489 0.515787 0.065773 0.183573
2 0.393704 0.506853 0.042142 0.140213
