2 0.103833 0.768093 0.207665 0.458480
2 0.931397 0.449293 0.135596 0.304987
2 0.993977 0.425480 0.010435 0.149573
2 0.351051 0.600200 0.091441 0.188400
2 0.259795 0.674253 0.182520 0.343493
2 0.625129 0.526360 0.068744 0.142693
2 0.395213 0.557853 0.060346 0.140667
2 0.425527 0.542653 0.038382 0.100880
2 0.434143 0.534387 0.034581 0.087013
2 0.537407 0.523427 0.035008 0.094747
2 0.633921 0.512160 0.099936 0.113493
2 0.574831 0.508413 0.042673 0.076880
2 0.541280 0.472093 0.036457 0.036080
2 0.447854 0.481307 0.030813 0.034133
