2 0.494843 0.548320 0.044034 0.119680
2 0.085817 0.749933 0.171634 0.494800
2 0.203209 0.675947 0.199928 0.382080
2 0.329702 0.577253 0.125459 0.178880
2 0.357110 0.560547 0.097343 0.156453
2 0.384980 0.533667 0.075676 0.106853
2 0.406675 0.491493 0.086151 0.154027
2 0.890310 0.709533 0.217770 0.575600
0 0.610076 0.561693 0.023889 0.179333
2 0.824839 0.578733 0.176602 0.220080
2 0.490680 0.524947 0.027641 0.083760
2 0.059972 0.651587 0.119944 0.310587
2 0.942568 0.544133 0.113253 0.317600
2 0.176908 0.526560 0.086795 0.125280
2 0.233349 0.522907 0.055072 0.079520
7 0.335705 0.479800 0.047593 0.113253
80 0.064010 0.805333 0.079710 0.096000
80 0.248792 0.673333 0.040258 0.045333
