0 0.188808 0.494507 0.014767 0.130987
2 0.190656 0.475613 0.058994 0.146320
2 0.236119 0.490120 0.056973 0.105840
2 0.292564 0.481120 0.065209 0.090027
2 0.436787 0.467107 0.058647 0.106747
2 0.460584 0.470360 0.043921 0.070853
2 0.497166 0.468280 0.046023 0.073680
2 0.524597 0.473627 0.049791 0.057120
2 0.548812 0.473387 0.036192 0.057280
2 0.568132 0.472613 0.041127 0.053813
2 0.589718 0.468187 0.047295 0.055467
2 0.622979 0.452853 0.048341 0.075680
2 0.641296 0.460293 0.042432 0.050933
2 0.657005 0.459933 0.036731 0.046320
