2 0.933353 0.561373 0.102697 0.136933
2 0.881453 0.555267 0.100797 0.130053
2 0.813764 0.555000 0.093357 0.140133
2 0.498889 0.500400 0.027504 0.080853
0 0.684122 0.625680 0.052866 0.432693
0 0.235205 0.525653 0.042858 0.213387
0 0.272645 0.523613 0.040250 0.205840
0 0.296948 0.529600 0.022544 0.217813
0 0.348370 0.558293 0.044549 0.277600
0 0.384988 0.550893 0.033551 0.245840
0 0.237508 0.552307 0.026304 0.256400
0 0.271771 0.546840 0.020934 0.246373
0 0.300177 0.549240 0.028180 0.219493
0 0.250278 0.531840 0.023615 0.220907
