2 0.495982 0.530760 0.047890 0.128933
2 0.214018 0.640373 0.182705 0.281707
2 0.281534 0.603600 0.138172 0.204747
2 0.336606 0.542293 0.082279 0.136960
2 0.420692 0.559627 0.062979 0.133440
2 0.387299 0.514453 0.060072 0.085813
2 0.753615 0.579480 0.319501 0.828667
2 0.601622 0.573320 0.090346 0.202373
2 0.573160 0.549480 0.063229 0.136347
2 0.556695 0.516733 0.043196 0.120453
2 0.525382 0.498773 0.024308 0.062240
2 0.061369 0.659547 0.122738 0.275680
2 0.155008 0.549827 0.165491 0.288133
2 0.492967 0.508867 0.031184 0.094213
2 0.040258 0.570013 0.080515 0.154587
