2 0.110946 0.778293 0.221892 0.433013
2 0.345463 0.653920 0.104597 0.252053
2 0.227673 0.674773 0.141224 0.270613
1 0.685290 0.640840 0.101304 0.284400
2 0.958998 0.577587 0.080395 0.290373
1 0.724670 0.661973 0.112818 0.338080
0 0.141373 0.632040 0.030056 0.259973
2 0.418853 0.572587 0.041409 0.121920
2 0.442552 0.542947 0.021643 0.066693
2 0.451264 0.517587 0.018180 0.070800
2 0.547343 0.544707 0.075733 0.099547
2 0.519030 0.535333 0.052101 0.072693
2 0.391832 0.578307 0.068559 0.202800
80 0.028583 0.885333 0.036232 0.048000
