2 0.160157 0.749627 0.320314 0.495413
2 0.859521 0.740840 0.279348 0.512987
2 0.949787 0.486307 0.098816 0.337627
2 0.887411 0.508147 0.223567 0.353040
2 0.310588 0.638907 0.123591 0.276107
2 0.369203 0.575467 0.087150 0.184427
2 0.791944 0.513427 0.088510 0.162853
2 0.721498 0.515613 0.081932 0.134747
2 0.687367 0.509053 0.069404 0.121893
2 0.675608 0.511200 0.070942 0.108160
2 0.565942 0.539427 0.052625 0.136453
2 0.423692 0.527360 0.047850 0.112693
2 0.436747 0.508280 0.040998 0.118160
2 0.604565 0.486213 0.053317 0.078347
7 0.516759 0.457453 0.038510 0.133467
