2 0.496952 0.523160 0.034791 0.108987
2 0.925411 0.713827 0.147568 0.567013
2 0.810785 0.668413 0.220523 0.423600
2 0.695986 0.604187 0.164517 0.270293
2 0.642834 0.565747 0.127488 0.225947
2 0.623998 0.547627 0.114581 0.166560
2 0.603257 0.529253 0.099122 0.149920
2 0.583994 0.514493 0.076973 0.097520
2 0.420853 0.508827 0.021691 0.052480
2 0.558474 0.500720 0.057576 0.074347
2 0.542931 0.495893 0.047488 0.059413
2 0.533736 0.482720 0.040306 0.060747
2 0.398253 0.493467 0.021401 0.049440
2 0.377460 0.491587 0.014243 0.038373
80 0.960548 0.785333 0.072464 0.077333
80 0.652576 0.612000 0.024960 0.040000
