0 0.345853 0.481920 0.012399 0.105173
2 0.330258 0.470133 0.047440 0.119733
2 0.363015 0.479707 0.046723 0.088533
2 0.408112 0.473333 0.054742 0.076427
2 0.531638 0.457867 0.053035 0.095680
2 0.552552 0.463453 0.040016 0.064240
2 0.586948 0.458640 0.042673 0.068213
2 0.612862 0.466520 0.047818 0.053733
2 0.636067 0.466613 0.035258 0.053973
2 0.655382 0.467920 0.039589 0.050987
2 0.676417 0.462680 0.046329 0.053093
2 0.711892 0.446987 0.048921 0.073760
2 0.729787 0.453973 0.043390 0.050027
2 0.747089 0.456773 0.037963 0.045653
