2 0.506393 0.540373 0.050612 0.136000
2 0.167407 0.735600 0.243172 0.523467
2 0.253088 0.633040 0.167576 0.319680
2 0.379666 0.540067 0.105966 0.145253
2 0.404972 0.511987 0.065757 0.105467
2 0.417597 0.505493 0.064984 0.093173
2 0.453990 0.459773 0.049879 0.085253
2 0.783039 0.670920 0.248800 0.456400
0 0.648567 0.616480 0.039179 0.287093
2 0.651791 0.580613 0.096691 0.194240
2 0.610604 0.548547 0.065121 0.137040
2 0.591888 0.509493 0.056063 0.135787
0 0.559525 0.498213 0.009662 0.081280
2 0.049537 0.645067 0.099074 0.292960
2 0.299360 0.517093 0.077399 0.125867
2 0.504626 0.494013 0.029509 0.089093
2 0.146421 0.595587 0.155966 0.221840
2 0.733712 0.468253 0.104895 0.133307
80 0.201691 0.733333 0.052335 0.064000
80 0.832528 0.672000 0.040258 0.053333
