2 0.489758 0.548960 0.046618 0.126293
2 0.047101 0.728347 0.094203 0.537973
2 0.286647 0.586427 0.135354 0.191573
2 0.328414 0.575920 0.108164 0.150453
2 0.358052 0.539493 0.070274 0.112853
2 0.431526 0.553293 0.049412 0.108027
2 0.638901 0.538227 0.157754 0.451813
2 0.572158 0.554587 0.065523 0.151360
2 0.518740 0.505827 0.021747 0.056133
2 0.148837 0.599960 0.128092 0.187387
2 0.228430 0.531573 0.112947 0.217920
2 0.490475 0.522893 0.031433 0.095013
2 0.114746 0.554733 0.086997 0.122640
1 0.029839 0.555600 0.047794 0.133440
80 0.010064 0.862667 0.020129 0.061333
