2 0.863366 0.766440 0.271659 0.461787
2 0.090982 0.702653 0.181965 0.403067
2 0.196208 0.603133 0.195427 0.235973
2 0.256747 0.588013 0.183478 0.204187
2 0.277742 0.568440 0.152649 0.176560
2 0.713209 0.693427 0.190378 0.424773
2 0.577363 0.557093 0.056176 0.130613
2 0.330181 0.562000 0.109831 0.150560
2 0.347440 0.540613 0.092625 0.152640
2 0.625644 0.531333 0.083510 0.090613
2 0.529098 0.483240 0.027359 0.095813
2 0.412484 0.507813 0.056820 0.063520
2 0.425914 0.497773 0.051200 0.070587
2 0.517609 0.475093 0.019549 0.077387
