2 0.698953 0.667653 0.214541 0.506080
2 0.075181 0.750213 0.150362 0.494240
2 0.109368 0.696747 0.218736 0.382720
2 0.145016 0.619773 0.231417 0.286640
2 0.248800 0.551027 0.196924 0.261147
2 0.213297 0.592267 0.178784 0.262027
2 0.614400 0.589387 0.101441 0.221653
2 0.272508 0.539600 0.135789 0.216853
2 0.309344 0.548840 0.117995 0.162267
2 0.317105 0.533920 0.124791 0.155893
2 0.364956 0.509200 0.086256 0.104907
2 0.383829 0.492040 0.069332 0.108347
2 0.541200 0.513280 0.036441 0.094347
2 0.578768 0.551373 0.065910 0.167173
2 0.527210 0.492213 0.026965 0.079307
