2 0.494847 0.527173 0.036763 0.115200
2 0.882943 0.704640 0.232504 0.585387
2 0.773957 0.658320 0.192794 0.377973
2 0.696123 0.597587 0.163680 0.248453
2 0.402472 0.506067 0.027568 0.057467
2 0.258293 0.598080 0.101626 0.189067
2 0.600036 0.524813 0.095403 0.131440
2 0.567979 0.511467 0.071562 0.094720
2 0.543716 0.488680 0.055145 0.084560
2 0.362367 0.498147 0.031433 0.066373
2 0.377009 0.497387 0.025612 0.056907
2 0.412190 0.486387 0.018035 0.036187
2 0.339155 0.495253 0.020113 0.049547
80 0.871176 0.808000 0.062802 0.074667
