2 0.671490 0.657573 0.157842 0.397227
2 0.116276 0.692813 0.232552 0.407813
2 0.162182 0.625187 0.247568 0.309733
2 0.194601 0.581133 0.182375 0.303653
2 0.236486 0.582120 0.146562 0.185680
2 0.308414 0.564147 0.125056 0.156987
2 0.334722 0.554853 0.112842 0.149547
2 0.339469 0.536200 0.088615 0.143920
2 0.350081 0.526653 0.107794 0.131067
2 0.372564 0.523747 0.076127 0.099920
2 0.390378 0.494613 0.067343 0.103733
1 0.465085 0.490173 0.006063 0.051973
2 0.561107 0.549853 0.047238 0.125147
2 0.619106 0.516173 0.087053 0.118800
2 0.517041 0.498293 0.019622 0.049867
