2 0.508704 0.568387 0.054058 0.169840
2 0.717520 0.600227 0.162383 0.292400
2 0.611111 0.545627 0.081288 0.138987
2 0.577762 0.531760 0.069742 0.098133
2 0.107476 0.698747 0.214952 0.361493
2 0.370552 0.544347 0.053615 0.116640
2 0.430926 0.517467 0.031868 0.072960
2 0.227013 0.579467 0.098551 0.142933
2 0.283353 0.546707 0.062037 0.129947
2 0.473398 0.502627 0.023865 0.044987
2 0.347890 0.527107 0.045491 0.081947
2 0.407826 0.517920 0.037794 0.056160
2 0.085946 0.572493 0.106836 0.146000
2 0.102882 0.542467 0.098873 0.098640
2 0.534795 0.495293 0.019010 0.040933
