2 0.496916 0.522560 0.034895 0.109280
2 0.983591 0.714427 0.031208 0.565813
2 0.854521 0.703760 0.244533 0.504107
2 0.715620 0.622267 0.177955 0.304160
2 0.654452 0.574627 0.136457 0.245733
2 0.631739 0.552627 0.121063 0.177840
2 0.609114 0.531640 0.104058 0.158267
2 0.587033 0.516160 0.079654 0.101333
2 0.417564 0.511547 0.022810 0.055040
2 0.560213 0.501040 0.059074 0.076427
2 0.544070 0.496107 0.048559 0.060853
2 0.534440 0.482307 0.040926 0.061893
2 0.396522 0.493720 0.021868 0.050267
2 0.375447 0.491827 0.014517 0.038907
