2 0.056614 0.789147 0.113229 0.416373
2 0.798052 0.751693 0.364171 0.491280
2 0.181361 0.762200 0.305105 0.470267
2 0.315113 0.627080 0.110064 0.255387
2 0.368635 0.580920 0.078704 0.173520
2 0.642218 0.612480 0.129461 0.267680
2 0.595640 0.555347 0.070475 0.173947
2 0.788551 0.494493 0.111208 0.163067
2 0.533317 0.509320 0.033688 0.077413
2 0.493160 0.499987 0.027126 0.051227
2 0.466397 0.487787 0.031683 0.044533
1 0.418760 0.490520 0.015217 0.053413
80 0.857890 0.801333 0.058776 0.077333
80 0.110709 0.949333 0.044283 0.058667
