2 0.099106 0.723467 0.198213 0.507733
2 0.102387 0.644387 0.204775 0.343547
2 0.180455 0.639307 0.223229 0.271467
2 0.215757 0.589707 0.203253 0.223413
2 0.283064 0.562933 0.135483 0.179253
2 0.305181 0.543667 0.132536 0.197253
1 0.438277 0.537160 0.011932 0.093893
2 0.837033 0.776120 0.324324 0.442427
2 0.863301 0.654293 0.271787 0.359893
2 0.786828 0.623400 0.201401 0.264827
2 0.723084 0.608693 0.151433 0.204373
2 0.693961 0.575880 0.111755 0.175120
2 0.664843 0.574333 0.129477 0.161947
2 0.639654 0.565480 0.118341 0.129840
2 0.628780 0.544133 0.097142 0.141333
2 0.369360 0.536253 0.084195 0.092773
2 0.385443 0.535800 0.072158 0.085040
2 0.525938 0.530133 0.030411 0.076320
2 0.513213 0.514373 0.018969 0.053920
2 0.498659 0.485400 0.012150 0.046853
