2 0.504891 0.567867 0.064098 0.200587
2 0.735270 0.583187 0.201216 0.442320
2 0.632524 0.545120 0.120008 0.181707
2 0.571985 0.500907 0.063599 0.088907
2 0.549928 0.497800 0.042593 0.065840
2 0.099706 0.585120 0.167415 0.227733
2 0.126345 0.553893 0.252689 0.704107
2 0.215294 0.558613 0.092440 0.152160
2 0.283800 0.548160 0.060145 0.096747
2 0.363370 0.513333 0.036820 0.064587
2 0.379565 0.501173 0.026586 0.069653
2 0.404980 0.490800 0.026079 0.049973
2 0.436904 0.491440 0.025258 0.037760
2 0.944187 0.537013 0.110016 0.105547
2 0.143849 0.542707 0.071948 0.121520
