2 0.505576 0.555173 0.050974 0.137973
2 0.064851 0.737067 0.129702 0.520533
2 0.166232 0.715707 0.273478 0.457440
2 0.339295 0.586293 0.123776 0.218293
2 0.352882 0.550827 0.099114 0.167200
2 0.413172 0.519773 0.076876 0.100613
2 0.461743 0.465133 0.044340 0.073253
2 0.742411 0.683827 0.193728 0.343173
2 0.637919 0.564613 0.095403 0.212800
0 0.584275 0.559853 0.024155 0.166373
2 0.578527 0.526493 0.042222 0.096133
2 0.569654 0.508893 0.039259 0.101840
2 0.502911 0.509747 0.030362 0.090693
2 0.078023 0.518067 0.137899 0.157040
2 0.692907 0.483667 0.084541 0.109573
80 0.014090 0.854667 0.028180 0.077333
80 0.777375 0.753333 0.036232 0.045333
