2 0.970129 0.556480 0.058132 0.330560
2 0.920052 0.548533 0.158285 0.278933
2 0.845994 0.539307 0.150813 0.205067
2 0.786079 0.530573 0.115153 0.168400
2 0.840439 0.737800 0.317512 0.519067
2 0.679444 0.643613 0.138792 0.293040
2 0.288591 0.682027 0.190274 0.386880
2 0.368623 0.566080 0.116425 0.288693
2 0.746928 0.517573 0.097593 0.141013
2 0.689360 0.495227 0.101667 0.141973
2 0.689243 0.486813 0.124879 0.140613
2 0.411735 0.559187 0.063663 0.170160
2 0.431924 0.538720 0.054332 0.127200
7 0.533788 0.455760 0.057931 0.203253
80 0.981079 0.912000 0.036232 0.096000
