2 0.939730 0.551387 0.118929 0.298987
2 0.881308 0.538560 0.151715 0.245547
2 0.816932 0.539813 0.138808 0.185600
2 0.769585 0.531333 0.107110 0.155093
2 0.805548 0.729600 0.312657 0.535467
2 0.656618 0.627560 0.113752 0.252347
2 0.319191 0.655840 0.153357 0.325173
2 0.382750 0.562240 0.102842 0.258293
2 0.733619 0.521840 0.091844 0.131627
2 0.679863 0.503467 0.095072 0.133387
2 0.681820 0.492613 0.118003 0.133280
2 0.418929 0.561680 0.057907 0.156800
2 0.435825 0.543627 0.050185 0.120213
2 0.611932 0.488987 0.060177 0.068427
7 0.532508 0.459413 0.055692 0.195787
80 0.847826 0.780000 0.061192 0.072000
