2 0.059710 0.740080 0.119420 0.433653
2 0.140121 0.663227 0.260161 0.310507
2 0.220886 0.623747 0.208535 0.266107
2 0.255294 0.592920 0.149428 0.233947
2 0.280612 0.577653 0.169903 0.202027
2 0.288579 0.559133 0.114871 0.166053
2 0.325306 0.553053 0.111031 0.142213
2 0.331469 0.545533 0.114775 0.130693
2 0.360471 0.528333 0.084597 0.116293
2 0.368845 0.511893 0.087593 0.133760
1 0.459497 0.505773 0.007899 0.065627
2 0.611107 0.605360 0.086997 0.214560
2 0.684819 0.554440 0.132617 0.174427
2 0.595419 0.517347 0.068953 0.101680
2 0.524452 0.512440 0.023688 0.059440
80 0.070853 0.726667 0.025765 0.045333
