2 0.494388 0.549493 0.044493 0.121013
2 0.132480 0.732760 0.212866 0.479440
2 0.244706 0.636973 0.174130 0.312880
2 0.342830 0.562613 0.116643 0.161493
2 0.366067 0.547093 0.091312 0.143627
2 0.390745 0.529267 0.072101 0.100453
2 0.410125 0.490893 0.082118 0.145467
2 0.860431 0.712280 0.277528 0.570107
0 0.600020 0.561307 0.021200 0.165493
2 0.793200 0.568253 0.157641 0.198747
2 0.490475 0.520320 0.027746 0.083840
2 0.079936 0.629453 0.159871 0.278640
2 0.926425 0.534173 0.145539 0.289467
2 0.194565 0.518120 0.079291 0.117680
7 0.340064 0.477160 0.045652 0.109787
