2 0.494501 0.540320 0.045491 0.121600
2 0.053060 0.660160 0.106119 0.674347
2 0.260213 0.621453 0.158752 0.268293
2 0.321928 0.565387 0.134114 0.252747
2 0.371107 0.550520 0.100314 0.133733
2 0.379891 0.534853 0.088688 0.120000
2 0.402154 0.519520 0.062665 0.084853
2 0.418200 0.505493 0.054710 0.076053
2 0.608957 0.522893 0.105161 0.289573
2 0.540954 0.508000 0.025596 0.066667
2 0.488241 0.508987 0.028945 0.084853
2 0.081006 0.632920 0.162013 0.269840
2 0.107689 0.550187 0.126167 0.144267
2 0.261228 0.507320 0.086498 0.199333
2 0.193780 0.520760 0.071973 0.120080
