2 0.873317 0.785413 0.251755 0.423840
2 0.635282 0.606973 0.120660 0.314907
2 0.139066 0.639800 0.278132 0.321733
2 0.213551 0.596360 0.203591 0.259653
2 0.232081 0.560547 0.155016 0.262640
2 0.264871 0.566853 0.128180 0.164213
2 0.325314 0.549973 0.112045 0.141280
2 0.347826 0.544200 0.102287 0.136293
2 0.349191 0.522400 0.081329 0.132747
2 0.359601 0.520307 0.099622 0.121520
2 0.395161 0.480480 0.063913 0.098667
1 0.464980 0.479387 0.005773 0.049600
2 0.554734 0.539707 0.043269 0.114027
2 0.515101 0.491720 0.018865 0.048133
