2 0.501425 0.532720 0.048277 0.151147
2 0.856783 0.729200 0.263937 0.536267
2 0.738873 0.621653 0.179147 0.332267
2 0.689489 0.553467 0.136208 0.249707
2 0.612766 0.506240 0.112230 0.191893
2 0.580870 0.506720 0.078470 0.109013
2 0.550527 0.485067 0.049300 0.067200
2 0.256634 0.527160 0.076023 0.129947
2 0.398502 0.471333 0.045958 0.137067
2 0.302786 0.520413 0.052915 0.100667
2 0.338792 0.513107 0.039452 0.068133
2 0.387866 0.491360 0.029098 0.051947
2 0.244614 0.516413 0.043768 0.084773
80 0.807568 0.717333 0.049919 0.069333
