2 0.498188 0.524853 0.041916 0.112853
2 0.102371 0.710293 0.189895 0.407680
2 0.204038 0.634413 0.171763 0.308987
2 0.305870 0.558267 0.106908 0.152907
2 0.422041 0.570240 0.063438 0.151520
2 0.440427 0.538160 0.050564 0.126187
2 0.374577 0.517787 0.080765 0.109173
2 0.672951 0.669080 0.155870 0.335653
7 0.605543 0.438053 0.116932 0.401653
0 0.689461 0.553480 0.022013 0.243013
2 0.542492 0.511627 0.033052 0.088533
7 0.521389 0.453160 0.032005 0.136827
2 0.488370 0.506427 0.027995 0.084587
2 0.157436 0.540893 0.082778 0.116453
80 0.130435 0.802667 0.045089 0.053333
80 0.696457 0.670667 0.032206 0.040000
