2 0.495439 0.526853 0.036159 0.113280
2 0.861510 0.737773 0.275370 0.519120
2 0.744839 0.634093 0.205250 0.394373
2 0.688333 0.593880 0.140853 0.245253
2 0.646494 0.560520 0.128688 0.180027
2 0.418056 0.501120 0.021892 0.047467
2 0.341320 0.551600 0.056393 0.116160
2 0.585016 0.519507 0.082496 0.111120
2 0.560262 0.507760 0.064211 0.082933
2 0.540548 0.486493 0.050499 0.077093
2 0.372983 0.501240 0.028349 0.061413
2 0.386441 0.495173 0.023349 0.053227
2 0.350552 0.498160 0.018269 0.046187
80 0.822866 0.852000 0.075684 0.077333
