2 0.534098 0.698760 0.141787 0.443120
2 0.971063 0.737373 0.056264 0.519920
2 0.629291 0.531507 0.098824 0.152507
2 0.584581 0.512800 0.059549 0.096107
2 0.564787 0.504440 0.053631 0.072400
2 0.384239 0.529640 0.042069 0.088027
2 0.107798 0.619920 0.154324 0.199253
2 0.458184 0.494587 0.022746 0.050187
2 0.491550 0.484680 0.018060 0.042000
2 0.313293 0.534400 0.058712 0.094987
2 0.343341 0.516560 0.040451 0.096267
2 0.385958 0.507293 0.035137 0.064880
2 0.430302 0.498733 0.032214 0.046373
2 0.219819 0.531387 0.062552 0.097760
2 0.209952 0.517133 0.066457 0.072240
80 0.535024 0.822667 0.049114 0.056000
