2 0.489436 0.524320 0.041143 0.109120
2 0.076167 0.731467 0.152335 0.531733
2 0.245990 0.594840 0.133172 0.205840
2 0.393462 0.606467 0.088261 0.206853
2 0.423015 0.562187 0.064340 0.158560
2 0.348607 0.523560 0.094010 0.129787
2 0.824525 0.763200 0.349340 0.468267
7 0.637110 0.441280 0.165942 0.549440
0 0.752029 0.605787 0.039452 0.351200
2 0.543257 0.517253 0.039155 0.102560
7 0.519666 0.448973 0.034646 0.150427
2 0.243362 0.514133 0.056224 0.083680
2 0.477617 0.508760 0.027440 0.082960
2 0.072500 0.545560 0.116820 0.146533
80 0.912641 0.893333 0.078100 0.090667
80 0.059984 0.860000 0.060386 0.072000
