2 0.495793 0.523907 0.035709 0.111867
2 0.873325 0.709547 0.251739 0.575573
2 0.747371 0.653640 0.209203 0.378693
2 0.682335 0.582400 0.159420 0.281493
2 0.650837 0.564973 0.115942 0.192560
2 0.623329 0.540907 0.110266 0.148373
2 0.426477 0.498760 0.018945 0.042000
2 0.373418 0.534747 0.041039 0.089600
2 0.577049 0.510400 0.074501 0.098773
2 0.555419 0.500733 0.059243 0.075547
2 0.538712 0.484907 0.047456 0.072267
2 0.380330 0.499040 0.026296 0.058027
2 0.358273 0.494827 0.017077 0.043947
80 0.853060 0.852000 0.081320 0.082667
