2 0.485898 0.547733 0.046304 0.125333
2 0.090008 0.729893 0.180016 0.534880
2 0.302593 0.575280 0.124557 0.173120
2 0.339428 0.563347 0.100870 0.137840
2 0.434239 0.541960 0.046047 0.100240
2 0.618285 0.527680 0.133671 0.391520
2 0.565246 0.550587 0.060121 0.139627
2 0.517315 0.506880 0.021023 0.054347
2 0.177496 0.586173 0.110403 0.168347
2 0.245109 0.525800 0.101715 0.201573
2 0.489984 0.522253 0.031498 0.095227
2 0.137383 0.542653 0.078116 0.112987
1 0.067629 0.548000 0.041329 0.121173
80 0.108293 0.765333 0.047504 0.069333
