2 0.498788 0.529400 0.048478 0.130640
2 0.093583 0.754267 0.187166 0.486133
2 0.191884 0.661733 0.189066 0.314560
2 0.298571 0.555427 0.101828 0.174747
2 0.400910 0.584493 0.087407 0.178053
2 0.370093 0.519080 0.068575 0.100187
2 0.832363 0.498667 0.333663 0.997333
0 0.693994 0.645987 0.033285 0.354693
2 0.652448 0.621987 0.141176 0.298907
2 0.600825 0.572973 0.088382 0.181200
2 0.571816 0.523067 0.054936 0.147093
2 0.531671 0.501600 0.027544 0.069707
7 0.530093 0.450920 0.036562 0.141040
2 0.079251 0.574640 0.158502 0.420587
2 0.493168 0.504493 0.030845 0.093200
2 0.205568 0.516960 0.064742 0.092107
80 0.102657 0.721333 0.052335 0.056000
