2 0.502452 0.543853 0.056111 0.175653
2 0.964283 0.740307 0.069823 0.514053
2 0.834022 0.651360 0.213084 0.488747
2 0.662291 0.525160 0.151634 0.282853
2 0.603124 0.518760 0.095443 0.141253
2 0.561896 0.485173 0.056626 0.078187
2 0.547637 0.480827 0.039074 0.059840
2 0.187069 0.545960 0.114122 0.172720
2 0.333756 0.477547 0.088285 0.235467
2 0.259952 0.531440 0.071320 0.124907
2 0.309388 0.524733 0.049597 0.081253
2 0.373293 0.492893 0.032915 0.058533
2 0.387355 0.483147 0.024179 0.063893
2 0.410350 0.479800 0.023969 0.046587
2 0.191957 0.530320 0.057665 0.103573
80 0.791063 0.656000 0.047504 0.053333
