2 0.485036 0.534867 0.045676 0.122960
2 0.142645 0.753400 0.247158 0.487867
2 0.225503 0.641640 0.193035 0.320133
2 0.329984 0.561587 0.107697 0.160240
2 0.375527 0.534680 0.086433 0.125893
2 0.424565 0.502080 0.059114 0.081760
2 0.851236 0.498667 0.295918 0.997333
2 0.720318 0.677547 0.188800 0.352587
2 0.564964 0.537400 0.045515 0.105627
2 0.531417 0.480240 0.030000 0.101920
2 0.273382 0.535293 0.066763 0.112293
2 0.491083 0.512680 0.029879 0.090267
2 0.026184 0.553133 0.052367 0.438853
2 0.051019 0.551627 0.102037 0.138933
2 0.197029 0.518573 0.070902 0.092560
80 0.188406 0.741333 0.045089 0.058667
