2 0.456695 0.540813 0.037399 0.101787
2 0.173088 0.775987 0.346176 0.442693
2 0.122432 0.679200 0.211143 0.373493
2 0.293889 0.571707 0.114106 0.143840
2 0.329879 0.552320 0.084783 0.134240
2 0.367206 0.538413 0.073591 0.094427
2 0.385958 0.532120 0.054799 0.082533
2 0.397540 0.506947 0.057142 0.091653
2 0.590705 0.615493 0.094936 0.234933
2 0.565246 0.583080 0.057061 0.157467
2 0.541409 0.556987 0.051771 0.128853
7 0.522154 0.467347 0.053792 0.228507
2 0.197693 0.546667 0.066916 0.099680
2 0.465664 0.522667 0.028092 0.081867
