2 0.478969 0.531813 0.041304 0.106667
2 0.181594 0.636800 0.158728 0.267467
2 0.360656 0.648947 0.119767 0.274000
2 0.404295 0.587013 0.077351 0.193493
2 0.325527 0.538413 0.106707 0.149040
2 0.872955 0.793933 0.252480 0.406800
7 0.673402 0.453813 0.226578 0.719093
0 0.826643 0.685400 0.079179 0.495867
2 0.542456 0.545200 0.044155 0.115680
2 0.524855 0.523800 0.031192 0.080667
7 0.516204 0.469453 0.037834 0.161093
2 0.212613 0.521360 0.064952 0.092320
2 0.470882 0.516973 0.027126 0.082000
2 0.034485 0.566187 0.068969 0.164693
