0 0.562581 0.471907 0.019477 0.151707
0 0.236228 0.517000 0.028994 0.320027
0 0.920539 0.663867 0.128325 0.640267
0 0.516916 0.551187 0.036940 0.329893
0 0.562174 0.526093 0.038084 0.345840
0 0.487862 0.500600 0.028591 0.261360
0 0.464517 0.505453 0.030145 0.266000
0 0.520233 0.496307 0.028470 0.236720
0 0.556795 0.500800 0.022093 0.221707
0 0.378132 0.510507 0.025395 0.272587
0 0.400298 0.511560 0.022254 0.227173
0 0.422170 0.491613 0.024597 0.252400
0 0.446747 0.516200 0.019469 0.210053
0 0.414505 0.493413 0.042166 0.225867
2 0.107717 0.492000 0.215435 0.984000
