2 0.834195 0.761867 0.330000 0.470933
2 0.613438 0.588453 0.098776 0.264107
2 0.193482 0.603227 0.233760 0.266773
2 0.251063 0.575560 0.172705 0.223493
2 0.261385 0.543907 0.134622 0.231387
2 0.287645 0.554627 0.113841 0.147280
2 0.338720 0.536013 0.101530 0.128720
2 0.358837 0.535293 0.093519 0.125200
2 0.359179 0.515680 0.074960 0.122933
2 0.367846 0.514840 0.092601 0.113253
2 0.399473 0.481533 0.060878 0.094160
1 0.466647 0.485200 0.005467 0.047413
2 0.549312 0.530907 0.039992 0.105067
2 0.513740 0.487947 0.018188 0.046560
