2 0.049940 0.800680 0.099879 0.393307
2 0.261095 0.768600 0.217214 0.457467
2 0.360624 0.643147 0.120700 0.266827
2 0.652436 0.620467 0.101329 0.289787
2 0.975294 0.657600 0.047802 0.530720
2 0.417218 0.557693 0.053100 0.154267
2 0.429750 0.547173 0.056667 0.111840
2 0.468583 0.478360 0.052110 0.058427
2 0.650177 0.573133 0.083704 0.195333
2 0.689626 0.536653 0.083647 0.163973
2 0.636671 0.497253 0.090443 0.112693
2 0.871260 0.502800 0.092778 0.128693
2 0.807911 0.482907 0.075902 0.084640
80 0.210548 0.884000 0.044283 0.056000
