2 0.932886 0.558627 0.103631 0.136667
2 0.881409 0.555493 0.100129 0.130027
2 0.813877 0.554587 0.093293 0.140053
2 0.498820 0.500800 0.027432 0.080853
1 0.421437 0.546253 0.042005 0.210320
1 0.463140 0.529053 0.048760 0.206587
1 0.394392 0.498733 0.016836 0.099653
0 0.153285 0.460373 0.013156 0.126400
0 0.113587 0.512867 0.029251 0.229893
0 0.209593 0.487640 0.016643 0.148133
0 0.178011 0.479973 0.019324 0.150133
0 0.516139 0.600427 0.037576 0.381013
0 0.549404 0.582187 0.048309 0.359947
0 0.601614 0.597120 0.056900 0.419467
0 0.833213 0.697040 0.092593 0.573920
0 0.840101 0.689067 0.097963 0.589867
0 0.866912 0.682880 0.086417 0.510507
0 0.595338 0.626680 0.047504 0.458267
