2 0.511812 0.583680 0.077134 0.241333
2 0.885455 0.624067 0.227480 0.746533
2 0.684722 0.579253 0.155483 0.260427
2 0.586928 0.499680 0.071554 0.103520
2 0.561333 0.492480 0.047110 0.073440
2 0.549634 0.485267 0.044243 0.057840
2 0.043591 0.613080 0.087182 0.276560
2 0.146663 0.569093 0.130620 0.194827
2 0.248200 0.550667 0.077126 0.115253
2 0.351055 0.506320 0.042142 0.072267
2 0.370777 0.494120 0.030539 0.077147
2 0.400600 0.488293 0.028317 0.053867
2 0.435346 0.482373 0.027053 0.040373
2 0.058684 0.560613 0.101586 0.154720
80 0.916264 0.814667 0.086957 0.088000
