2 0.505616 0.556387 0.050765 0.137680
2 0.269106 0.645067 0.174348 0.344373
2 0.305294 0.602600 0.139106 0.234907
2 0.395894 0.545467 0.092029 0.124267
2 0.413329 0.519613 0.059219 0.094320
2 0.425890 0.518040 0.058994 0.084293
2 0.457685 0.478213 0.046916 0.079947
2 0.877701 0.777733 0.242987 0.439200
2 0.699086 0.620467 0.153470 0.310853
0 0.610628 0.594587 0.033285 0.222933
2 0.624352 0.572200 0.074919 0.160027
2 0.595149 0.549933 0.053760 0.118853
2 0.581643 0.522933 0.047665 0.119733
0 0.553233 0.508027 0.011538 0.075040
2 0.095511 0.622840 0.191023 0.255707
2 0.504714 0.514733 0.029622 0.089467
2 0.026192 0.544080 0.052383 0.178987
2 0.217214 0.570880 0.115250 0.173707
2 0.715636 0.493240 0.095700 0.122693
