2 0.495105 0.546120 0.045362 0.121840
2 0.107069 0.687533 0.214138 0.619600
2 0.286687 0.602667 0.141312 0.232053
2 0.338631 0.560680 0.121771 0.225147
2 0.379444 0.555253 0.094187 0.124107
2 0.387689 0.541680 0.083784 0.112693
2 0.406333 0.524427 0.059815 0.080800
2 0.421353 0.513493 0.052560 0.073173
2 0.598893 0.531760 0.093663 0.262027
2 0.538680 0.514187 0.024122 0.064213
2 0.488357 0.519080 0.028647 0.084400
2 0.276361 0.509707 0.077890 0.184587
2 0.210499 0.527373 0.066586 0.113573
80 0.112721 0.886667 0.064412 0.077333
