2 0.880085 0.735587 0.238221 0.523493
2 0.092729 0.764853 0.185459 0.464960
2 0.311006 0.587293 0.089871 0.181893
2 0.353792 0.559933 0.062093 0.127760
2 0.378623 0.541973 0.043865 0.103893
2 0.398478 0.529707 0.038003 0.084000
2 0.673289 0.466333 0.086079 0.109147
2 0.640978 0.464000 0.064098 0.095467
2 0.945483 0.408733 0.107424 0.106907
2 0.910741 0.413693 0.105636 0.106000
2 0.886019 0.418653 0.102633 0.089733
2 0.861486 0.419960 0.094597 0.086000
2 0.419831 0.516667 0.031417 0.068747
2 0.551795 0.498987 0.031707 0.082507
