2 0.527540 0.655173 0.122729 0.383733
2 0.881872 0.721200 0.234646 0.552267
2 0.615201 0.519320 0.092657 0.136987
2 0.576502 0.505440 0.055161 0.089440
2 0.560346 0.496653 0.051320 0.068347
2 0.031345 0.637000 0.062689 0.273680
2 0.484549 0.479640 0.017295 0.037253
2 0.152331 0.597947 0.127045 0.170400
2 0.323446 0.525640 0.054074 0.088080
2 0.350310 0.508240 0.037721 0.090880
2 0.389352 0.498920 0.033213 0.061733
2 0.430624 0.490787 0.030620 0.044827
2 0.235946 0.521267 0.058462 0.090640
2 0.224706 0.507160 0.061779 0.067600
80 0.873994 0.796000 0.078100 0.077333
