0 0.258458 0.489227 0.016369 0.118827
2 0.251961 0.475733 0.052746 0.134133
2 0.290946 0.486640 0.052182 0.097973
2 0.341574 0.481320 0.060169 0.083600
2 0.476167 0.465760 0.056280 0.101760
2 0.498543 0.470387 0.041932 0.067813
2 0.533506 0.465093 0.044211 0.071040
2 0.559903 0.472053 0.048470 0.055360
2 0.583990 0.472293 0.035451 0.055680
2 0.603603 0.472640 0.040346 0.052533
2 0.623804 0.468720 0.046562 0.054080
2 0.658341 0.452213 0.048293 0.074560
2 0.676771 0.463093 0.042593 0.050133
2 0.691184 0.458787 0.036908 0.045787
