2 0.517524 0.591533 0.066562 0.209787
2 0.645729 0.557147 0.112568 0.180160
2 0.590894 0.535267 0.065523 0.108400
2 0.568724 0.525187 0.057802 0.079973
2 0.061498 0.672533 0.122995 0.250133
2 0.381554 0.543827 0.046457 0.096933
2 0.443563 0.517787 0.027303 0.064427
2 0.475169 0.505667 0.019034 0.048507
2 0.291385 0.562853 0.066506 0.108800
2 0.328329 0.537813 0.045660 0.105067
2 0.374440 0.524133 0.036514 0.069867
2 0.422790 0.517613 0.034082 0.049947
2 0.187520 0.554813 0.071804 0.110480
2 0.179106 0.536547 0.075056 0.080880
