2 0.506027 0.547827 0.050700 0.136240
2 0.227661 0.686347 0.202907 0.428107
2 0.283909 0.609907 0.153374 0.269520
2 0.388378 0.540240 0.098494 0.133760
2 0.409364 0.511960 0.062319 0.099440
2 0.421940 0.507880 0.061836 0.088293
2 0.456002 0.465080 0.048366 0.082533
2 0.733768 0.635547 0.190998 0.369813
0 0.627536 0.599320 0.031675 0.250693
2 0.636723 0.569240 0.084525 0.174053
2 0.602275 0.542640 0.058929 0.126347
2 0.586449 0.513533 0.051578 0.127227
0 0.556820 0.497093 0.011272 0.077973
2 0.074952 0.638413 0.149903 0.292720
2 0.504879 0.500027 0.029614 0.089440
2 0.185789 0.581747 0.132496 0.194853
2 0.724316 0.484120 0.100097 0.127813
80 0.267713 0.673333 0.036232 0.045333
