2 0.038708 0.749760 0.077415 0.495147
2 0.118317 0.644693 0.236634 0.340747
2 0.165322 0.573493 0.240596 0.337920
1 0.401638 0.543413 0.021135 0.149547
2 0.909980 0.749400 0.178430 0.495867
2 0.873309 0.674613 0.242979 0.358613
2 0.787911 0.632173 0.239831 0.290587
2 0.718559 0.599747 0.195829 0.211547
2 0.690584 0.563000 0.152005 0.216613
2 0.315560 0.549707 0.118221 0.127413
2 0.341433 0.537560 0.098068 0.112933
2 0.528442 0.525160 0.040250 0.098373
2 0.509779 0.504267 0.022826 0.064107
2 0.492657 0.473747 0.013108 0.051440
80 0.856683 0.729333 0.032206 0.061333
