2 0.197146 0.756347 0.263615 0.481973
2 0.772210 0.734560 0.305902 0.525547
2 0.628007 0.602547 0.133921 0.268080
2 0.325596 0.627320 0.124718 0.247813
2 0.367488 0.568747 0.066006 0.164800
2 0.397166 0.541080 0.053768 0.124507
2 0.586695 0.548320 0.076594 0.171360
2 0.566280 0.519533 0.050564 0.128507
2 0.727516 0.461787 0.085419 0.131947
2 0.524940 0.491360 0.029074 0.066987
2 0.489312 0.486853 0.023454 0.046080
2 0.465278 0.480533 0.029171 0.040747
1 0.435833 0.481973 0.012424 0.046240
80 0.828502 0.778667 0.056361 0.074667
