2 0.493490 0.545493 0.045000 0.121707
2 0.191763 0.674373 0.183768 0.378720
2 0.275519 0.609787 0.154098 0.264853
2 0.353949 0.550480 0.109010 0.147200
2 0.373837 0.535587 0.085982 0.132773
2 0.395910 0.525360 0.068857 0.094827
2 0.413434 0.487053 0.078140 0.138000
2 0.840640 0.708013 0.317110 0.578640
0 0.591812 0.545653 0.019050 0.153600
2 0.766961 0.555933 0.142359 0.181040
2 0.490270 0.515533 0.027866 0.084187
2 0.033052 0.632453 0.066103 0.306453
2 0.113563 0.611840 0.160781 0.242400
2 0.912685 0.514067 0.173019 0.266000
2 0.210298 0.505267 0.072850 0.110960
7 0.343849 0.473507 0.043961 0.106640
80 0.878824 0.761333 0.052335 0.066667
