2 0.653833 0.627040 0.157424 0.389120
2 0.038213 0.750240 0.076425 0.494187
2 0.111329 0.705173 0.222657 0.416693
2 0.133945 0.648373 0.265958 0.302720
2 0.196723 0.601987 0.191047 0.241360
2 0.274992 0.545747 0.172544 0.230427
2 0.248080 0.582253 0.152166 0.226373
2 0.596578 0.580307 0.086023 0.191547
2 0.293241 0.535667 0.120443 0.194160
2 0.329795 0.531267 0.113808 0.142747
2 0.536715 0.516747 0.033929 0.088427
2 0.568527 0.547547 0.058341 0.150347
80 0.678341 0.666667 0.034622 0.042667
80 0.015298 0.752000 0.030596 0.064000
