2 0.538160 0.707747 0.155789 0.486800
2 0.948209 0.724293 0.101973 0.546080
2 0.625986 0.524280 0.097496 0.149093
2 0.582826 0.509733 0.058873 0.094560
2 0.564316 0.500853 0.053269 0.071520
2 0.453313 0.492720 0.021957 0.049547
2 0.117903 0.610973 0.147915 0.191493
2 0.495290 0.478920 0.018422 0.037627
2 0.314722 0.530107 0.058704 0.093333
2 0.344843 0.509467 0.040089 0.095200
2 0.386059 0.500640 0.034775 0.064160
2 0.429976 0.494093 0.030596 0.046107
2 0.223092 0.524813 0.061481 0.095600
2 0.213575 0.512240 0.065282 0.070827
