2 0.152178 0.770893 0.304356 0.452880
2 0.824457 0.744787 0.349477 0.505093
2 0.652878 0.647640 0.160652 0.315280
2 0.306715 0.677813 0.148309 0.295413
2 0.360338 0.594547 0.073027 0.183600
2 0.392754 0.571707 0.058277 0.137280
2 0.598229 0.574587 0.085878 0.189013
2 0.573961 0.546107 0.054638 0.137600
2 0.742669 0.491053 0.090749 0.137840
2 0.528341 0.513440 0.030209 0.069440
2 0.491952 0.509920 0.024420 0.047467
2 0.467186 0.501213 0.029767 0.042320
1 0.433023 0.500867 0.012552 0.047920
80 0.965781 0.942667 0.066828 0.098667
