0 0.660165 0.688600 0.066079 0.575120
0 0.809601 0.558133 0.049364 0.482773
0 0.915125 0.574320 0.037013 0.454933
0 0.194251 0.800040 0.105894 0.389253
0 0.237383 0.798787 0.080000 0.391760
0 0.324775 0.644293 0.059871 0.218827
0 0.253333 0.780733 0.083784 0.365253
0 0.414147 0.543587 0.017617 0.201413
0 0.394489 0.544693 0.019654 0.190400
0 0.465809 0.530733 0.018704 0.181947
0 0.486292 0.504400 0.014791 0.137120
0 0.501051 0.528240 0.015097 0.174400
0 0.558466 0.500173 0.015225 0.153413
2 0.436993 0.483613 0.024243 0.062213
0 0.398631 0.527067 0.032480 0.174613
0 0.517907 0.520533 0.014444 0.157600
