2 0.505994 0.540693 0.050491 0.135627
2 0.110346 0.736933 0.220692 0.520800
2 0.215853 0.671867 0.184783 0.388853
2 0.369018 0.555280 0.114767 0.159733
2 0.398410 0.522560 0.069654 0.112693
2 0.412814 0.518173 0.068462 0.098960
2 0.451614 0.463080 0.051457 0.088080
2 0.842033 0.725387 0.314324 0.543893
0 0.672576 0.644840 0.047504 0.336080
2 0.670511 0.603347 0.112536 0.221947
2 0.620165 0.563840 0.072504 0.151093
2 0.597230 0.523733 0.060242 0.145227
0 0.561039 0.502693 0.008857 0.084853
2 0.208893 0.569760 0.135596 0.186613
2 0.283176 0.537347 0.083953 0.135813
2 0.503953 0.496667 0.029291 0.088480
2 0.095608 0.613880 0.189283 0.257520
2 0.742560 0.488253 0.109919 0.139280
2 0.127870 0.534893 0.096176 0.144133
80 0.084138 0.849333 0.092593 0.104000
80 0.929549 0.736000 0.057166 0.074667
80 0.253623 0.730667 0.038647 0.048000
