2 0.312166 0.723040 0.233494 0.466773
2 0.852987 0.767173 0.292415 0.460320
2 0.754767 0.735467 0.230209 0.502880
2 0.965314 0.494147 0.067762 0.224720
2 0.917021 0.489800 0.164348 0.277733
2 0.816079 0.504933 0.156441 0.247360
2 0.393514 0.574880 0.079654 0.185333
2 0.428100 0.547920 0.066506 0.139733
2 0.718048 0.505733 0.071763 0.112160
2 0.692979 0.501813 0.061353 0.103733
2 0.587315 0.527307 0.043229 0.112907
2 0.466320 0.510960 0.039485 0.095200
2 0.477609 0.496413 0.033897 0.102267
2 0.628732 0.476653 0.048833 0.071387
7 0.546856 0.457240 0.037029 0.123600
