2 0.497826 0.526627 0.040853 0.127973
2 0.233631 0.612573 0.119436 0.200720
2 0.754428 0.626387 0.203349 0.359120
2 0.637323 0.552800 0.126498 0.183627
2 0.618990 0.537800 0.100910 0.151493
2 0.607589 0.516533 0.084275 0.138027
2 0.570994 0.490973 0.077319 0.124987
2 0.555596 0.499413 0.059533 0.078880
2 0.538563 0.485893 0.040749 0.054773
2 0.319332 0.514573 0.048196 0.092773
2 0.433076 0.467547 0.028841 0.086027
2 0.346103 0.509827 0.036876 0.076080
2 0.367407 0.505720 0.028760 0.053840
2 0.400845 0.492413 0.023108 0.043867
2 0.296248 0.506653 0.029662 0.065573
2 0.082814 0.516800 0.034050 0.075573
