2 0.488398 0.539933 0.045572 0.122747
2 0.130435 0.695040 0.260870 0.604587
2 0.299879 0.600307 0.149839 0.227280
2 0.323945 0.572200 0.126957 0.184827
2 0.370181 0.529013 0.081892 0.114933
2 0.398482 0.516587 0.068784 0.097547
2 0.721143 0.597573 0.251047 0.610720
2 0.624263 0.589840 0.093035 0.195893
2 0.550411 0.528373 0.034783 0.084427
2 0.527009 0.482093 0.025741 0.089307
2 0.488849 0.512320 0.028857 0.087200
2 0.127488 0.537560 0.177424 0.334907
2 0.061095 0.537253 0.122190 0.175040
2 0.250684 0.509600 0.052609 0.074720
80 0.159420 0.752000 0.059581 0.074667
