2 0.495773 0.527213 0.038615 0.120987
2 0.924618 0.748053 0.149155 0.498560
2 0.349891 0.544187 0.050201 0.098507
2 0.655829 0.556280 0.136828 0.206587
2 0.595797 0.534240 0.097021 0.132640
2 0.580012 0.508187 0.068720 0.108960
2 0.556832 0.491800 0.066401 0.104080
2 0.545040 0.498147 0.052271 0.068133
2 0.340415 0.510747 0.039525 0.079520
2 0.445294 0.468573 0.024275 0.071493
2 0.361006 0.500760 0.031176 0.066533
2 0.406510 0.494093 0.020459 0.040293
2 0.315833 0.504253 0.024742 0.058000
2 0.132379 0.510240 0.031812 0.065600
