2 0.498390 0.526813 0.048132 0.129573
2 0.229948 0.670587 0.226272 0.371520
2 0.331055 0.550480 0.106200 0.183733
2 0.362468 0.535440 0.099750 0.150720
2 0.395705 0.505533 0.078688 0.102213
2 0.431502 0.466227 0.063148 0.109893
2 0.886224 0.756160 0.225942 0.482347
2 0.739448 0.660707 0.186997 0.330907
2 0.654328 0.554693 0.110266 0.248587
0 0.570000 0.505413 0.015024 0.113653
2 0.694706 0.507120 0.100491 0.127360
2 0.096703 0.597480 0.193406 0.259013
2 0.495081 0.490267 0.028502 0.086133
2 0.195008 0.554413 0.110145 0.189093
2 0.257931 0.535333 0.084042 0.143413
2 0.815382 0.478213 0.153068 0.188427
