2 0.500423 0.518800 0.048752 0.131253
2 0.268478 0.617920 0.195443 0.303360
2 0.347025 0.528947 0.097673 0.166267
2 0.373595 0.516507 0.093116 0.138667
2 0.402182 0.492973 0.074267 0.096293
2 0.436320 0.448827 0.060982 0.105707
2 0.860213 0.747413 0.277963 0.499840
2 0.704742 0.614653 0.150097 0.271387
2 0.639573 0.529147 0.096602 0.222400
0 0.568446 0.492533 0.015572 0.107787
2 0.684750 0.491133 0.094718 0.120187
2 0.050189 0.629733 0.100378 0.320160
2 0.145036 0.564587 0.162681 0.225280
2 0.496735 0.478760 0.028849 0.087173
2 0.224086 0.526920 0.094919 0.170107
2 0.274259 0.505547 0.077826 0.132587
2 0.800922 0.465107 0.144066 0.178160
