2 0.494670 0.526307 0.036924 0.115707
2 0.917536 0.702573 0.163317 0.589520
2 0.807222 0.683707 0.210966 0.434613
2 0.714159 0.609840 0.175064 0.273653
2 0.397858 0.509240 0.029388 0.060560
2 0.221711 0.621880 0.126256 0.224560
2 0.604911 0.523493 0.099050 0.137493
2 0.570403 0.510507 0.074138 0.097920
2 0.544863 0.489067 0.056393 0.086613
2 0.359601 0.495653 0.032262 0.067680
2 0.374171 0.494707 0.026280 0.057947
2 0.411236 0.487347 0.018333 0.036667
2 0.336099 0.492453 0.020620 0.050453
80 0.963768 0.902667 0.067633 0.088000
