2 0.493313 0.579613 0.077995 0.244293
2 0.925121 0.716933 0.148148 0.560800
2 0.782725 0.675947 0.210717 0.408267
2 0.695745 0.587320 0.185258 0.288933
2 0.661333 0.561427 0.130668 0.191547
2 0.058249 0.618960 0.116498 0.274560
2 0.133297 0.562987 0.131731 0.207573
2 0.439283 0.484533 0.019581 0.053547
0 0.560942 0.513987 0.013382 0.116827
0 0.013442 0.541427 0.017834 0.203600
0 0.747975 0.483400 0.008011 0.108773
0 0.745322 0.476627 0.005185 0.079493
80 0.960950 0.792000 0.073269 0.080000
80 0.733092 0.653333 0.039452 0.053333
