2 0.496079 0.548613 0.043285 0.117813
2 0.097428 0.748640 0.194855 0.497387
2 0.294726 0.599840 0.150966 0.228960
2 0.331932 0.572267 0.115330 0.190613
2 0.371272 0.544453 0.084783 0.122507
2 0.398539 0.492933 0.095596 0.174560
0 0.633994 0.583520 0.025765 0.215413
2 0.898056 0.609067 0.202279 0.280000
2 0.525503 0.488947 0.023551 0.078213
2 0.493418 0.519440 0.027271 0.082400
2 0.419537 0.510373 0.070378 0.100427
2 0.986952 0.531867 0.024485 0.347893
2 0.133317 0.531880 0.106490 0.144080
2 0.202899 0.528533 0.064863 0.089547
0 0.224730 0.510427 0.011538 0.108533
7 0.325386 0.483040 0.052206 0.121120
80 0.081723 0.817333 0.084541 0.088000
