2 0.045894 0.759893 0.091787 0.474880
2 0.139601 0.631173 0.237576 0.280960
2 0.219734 0.607413 0.214541 0.236160
2 0.248128 0.584253 0.173953 0.199547
2 0.775564 0.742773 0.270354 0.509120
2 0.582705 0.571613 0.062432 0.144827
2 0.310930 0.571133 0.122810 0.167173
2 0.331651 0.554440 0.102367 0.167493
2 0.351864 0.542933 0.083309 0.129813
2 0.632037 0.538960 0.089581 0.097067
2 0.380749 0.504413 0.074026 0.128720
2 0.528188 0.488387 0.028583 0.099760
2 0.405894 0.515707 0.059436 0.066400
2 0.420974 0.503800 0.053269 0.073467
2 0.516727 0.483720 0.020298 0.079707
80 0.824879 0.909333 0.044283 0.069333
