2 0.486216 0.530147 0.045652 0.122907
2 0.244267 0.640787 0.187214 0.311600
2 0.285229 0.584573 0.153551 0.233680
2 0.352923 0.539293 0.093140 0.133733
2 0.387882 0.514653 0.076618 0.109733
2 0.815415 0.569840 0.367560 0.854987
2 0.659706 0.607787 0.125709 0.247733
2 0.556337 0.520840 0.039646 0.093307
2 0.528881 0.473627 0.027585 0.095200
2 0.488792 0.502560 0.029340 0.088640
2 0.076578 0.549427 0.153156 0.441467
2 0.110479 0.532787 0.087415 0.117360
2 0.225769 0.506293 0.060765 0.082933
80 0.914654 0.857333 0.069243 0.082667
