2 0.495556 0.525867 0.036006 0.112800
2 0.964879 0.706693 0.068631 0.581280
2 0.815254 0.734827 0.253889 0.525013
2 0.720000 0.612800 0.187407 0.347893
2 0.674026 0.582667 0.131449 0.224747
2 0.637882 0.553133 0.121900 0.168080
2 0.421091 0.500267 0.020813 0.045493
2 0.353816 0.545013 0.050193 0.105707
2 0.582170 0.516240 0.079654 0.106667
2 0.558559 0.505280 0.062464 0.080320
2 0.539907 0.485947 0.049444 0.075413
2 0.375523 0.500467 0.027633 0.060240
2 0.353209 0.497013 0.017850 0.045387
80 0.767311 0.790667 0.054750 0.061333
