2 0.496739 0.519520 0.035395 0.110880
2 0.888426 0.743067 0.221538 0.508533
2 0.751147 0.659200 0.201377 0.435360
2 0.687738 0.595693 0.165878 0.267067
2 0.646337 0.555587 0.133285 0.218000
2 0.625298 0.546187 0.098470 0.158507
2 0.606349 0.526987 0.096449 0.126187
2 0.433724 0.490427 0.016095 0.037707
2 0.394787 0.519413 0.031554 0.072373
2 0.570535 0.503053 0.067915 0.088880
2 0.550648 0.497293 0.054710 0.069147
2 0.537081 0.483520 0.044742 0.068000
2 0.386940 0.496200 0.024477 0.054907
2 0.364795 0.489360 0.016047 0.041920
80 0.900564 0.828000 0.082931 0.093333
