2 0.932963 0.559080 0.103478 0.136720
2 0.881417 0.555467 0.100242 0.130027
2 0.813857 0.554653 0.093301 0.140080
2 0.498833 0.500733 0.027440 0.080880
1 0.389622 0.520093 0.029549 0.151707
1 0.410314 0.489347 0.012818 0.079440
0 0.159018 0.460147 0.013945 0.126160
0 0.161514 0.505173 0.027375 0.199733
1 0.709670 0.578867 0.095395 0.409360
0 0.210853 0.480813 0.015572 0.138693
0 0.185020 0.476440 0.019058 0.140453
0 0.451582 0.591827 0.044549 0.336400
0 0.482923 0.566987 0.043076 0.321013
0 0.528680 0.580707 0.042142 0.365413
0 0.847971 0.668573 0.101449 0.573893
0 0.861892 0.651240 0.095539 0.500933
0 0.650769 0.657307 0.086691 0.538773
0 0.679948 0.646827 0.055016 0.496427
0 0.689215 0.633227 0.048575 0.419573
0 0.500370 0.607907 0.057166 0.395973
