2 0.101224 0.710213 0.202448 0.403040
2 0.127681 0.645747 0.255362 0.311013
2 0.227931 0.594187 0.176667 0.227947
2 0.258607 0.555947 0.165813 0.241920
1 0.425326 0.532507 0.014839 0.112267
2 0.926357 0.733560 0.145676 0.527547
2 0.881586 0.701707 0.235217 0.397920
2 0.799457 0.634627 0.212987 0.276613
2 0.745894 0.600467 0.147649 0.226480
2 0.702327 0.578947 0.162689 0.200293
2 0.665346 0.565747 0.143543 0.155547
2 0.649416 0.543640 0.115676 0.167013
2 0.349368 0.538973 0.097142 0.106053
2 0.368845 0.534133 0.081747 0.095413
2 0.526679 0.527813 0.034195 0.084427
2 0.511413 0.502680 0.020507 0.057733
2 0.496127 0.473720 0.012480 0.048773
