2 0.495310 0.543653 0.046852 0.126133
2 0.128655 0.755773 0.257311 0.483120
2 0.292379 0.595040 0.128462 0.232747
2 0.335286 0.566560 0.116675 0.182933
2 0.381961 0.531587 0.088849 0.116720
2 0.421743 0.484880 0.068140 0.119573
2 0.848196 0.756133 0.301997 0.482400
2 0.697581 0.610627 0.152939 0.324027
0 0.574686 0.533720 0.015572 0.126853
2 0.718341 0.534053 0.114380 0.144480
2 0.048998 0.640493 0.097995 0.312293
2 0.491200 0.510067 0.028374 0.085733
2 0.118885 0.581813 0.155354 0.240213
2 0.218506 0.553867 0.100507 0.169013
2 0.851800 0.508027 0.175370 0.213280
2 0.247854 0.506187 0.058478 0.095147
80 0.156602 0.793333 0.060386 0.082667
80 0.935185 0.898667 0.045894 0.074667
