2 0.498990 0.534533 0.042391 0.132800
2 0.091659 0.744840 0.183317 0.397093
2 0.860048 0.720347 0.267182 0.553973
2 0.665946 0.580467 0.147754 0.228987
2 0.641031 0.552093 0.115910 0.179547
2 0.623136 0.528253 0.094275 0.157573
2 0.580564 0.502307 0.084461 0.138853
2 0.561965 0.508920 0.063881 0.085893
2 0.541574 0.495173 0.042794 0.058133
2 0.305491 0.521280 0.054122 0.101333
2 0.426184 0.475040 0.031820 0.095733
2 0.336502 0.521467 0.040282 0.081653
2 0.361139 0.518987 0.031135 0.057973
2 0.397653 0.499507 0.025950 0.045840
2 0.284783 0.515640 0.032721 0.070160
2 0.053088 0.524960 0.035161 0.081813
80 0.799517 0.758667 0.053140 0.056000
