0 0.529022 0.462000 0.015032 0.160107
0 0.240705 0.529600 0.029251 0.322880
0 0.511155 0.623547 0.036498 0.344907
0 0.553176 0.588360 0.040459 0.361947
0 0.543543 0.495653 0.024960 0.219147
0 0.453442 0.503680 0.026031 0.257387
0 0.441630 0.485253 0.023615 0.233920
0 0.416550 0.494560 0.024694 0.254293
0 0.403108 0.494120 0.024155 0.256080
0 0.484549 0.444187 0.013414 0.140747
0 0.371920 0.471773 0.019863 0.164133
0 0.310982 0.463987 0.016908 0.165360
0 0.340640 0.462667 0.015564 0.167307
2 0.107846 0.492000 0.215692 0.984000
