2 0.498595 0.531840 0.041860 0.131147
2 0.131626 0.682533 0.200934 0.302667
2 0.816655 0.680280 0.242198 0.470800
2 0.655209 0.569893 0.139919 0.211573
2 0.632927 0.546787 0.110443 0.169093
2 0.617528 0.524000 0.090692 0.150453
2 0.577170 0.498253 0.081940 0.133893
2 0.559658 0.504560 0.062407 0.083360
2 0.540539 0.491973 0.042093 0.056960
2 0.310350 0.520493 0.052118 0.098533
2 0.428639 0.472373 0.030741 0.092267
2 0.339847 0.517413 0.039082 0.079680
2 0.363309 0.514427 0.030306 0.056480
2 0.399098 0.497760 0.025008 0.045280
2 0.288776 0.512507 0.031643 0.068533
2 0.063353 0.521880 0.034791 0.079653
