2 0.820314 0.732933 0.342963 0.528800
2 0.093221 0.729520 0.186441 0.493760
2 0.104634 0.638907 0.209267 0.438347
2 0.159312 0.623453 0.204066 0.251013
2 0.260197 0.599693 0.162729 0.201787
2 0.300797 0.577507 0.141755 0.185733
2 0.313353 0.565693 0.107979 0.173200
2 0.327347 0.544373 0.128671 0.155253
2 0.355515 0.531707 0.088663 0.115200
2 0.385914 0.505400 0.074903 0.115227
1 0.464686 0.500973 0.006747 0.057307
2 0.578510 0.568013 0.059275 0.153787
2 0.645197 0.528333 0.103003 0.138533
2 0.583261 0.501427 0.060048 0.088933
2 0.521345 0.502120 0.021337 0.053680
80 0.915459 0.873333 0.074074 0.077333
