2 0.496775 0.520133 0.035290 0.110560
2 0.853780 0.739107 0.255322 0.516453
2 0.724408 0.633547 0.185692 0.377547
2 0.673776 0.583227 0.155105 0.243147
2 0.637250 0.549133 0.126401 0.202747
2 0.618506 0.541307 0.093760 0.149653
2 0.601828 0.524413 0.092544 0.120293
2 0.436055 0.491440 0.015539 0.036427
2 0.400314 0.517427 0.029243 0.068187
2 0.568221 0.502587 0.065942 0.086080
2 0.549199 0.497027 0.053357 0.067333
2 0.536578 0.483080 0.043913 0.066693
2 0.388994 0.495333 0.023913 0.053920
2 0.366957 0.490987 0.015717 0.041280
80 0.819646 0.758667 0.054750 0.066667
