2 0.673635 0.644693 0.181844 0.439947
2 0.095479 0.739027 0.190958 0.478907
2 0.122633 0.669720 0.245266 0.337893
2 0.173011 0.610147 0.209340 0.262000
2 0.262118 0.547480 0.184042 0.244880
2 0.231916 0.586907 0.164428 0.242880
2 0.604859 0.584653 0.093084 0.205200
2 0.283434 0.537533 0.127673 0.204880
2 0.323724 0.532520 0.119058 0.149040
2 0.368595 0.516000 0.083325 0.101387
2 0.386075 0.495040 0.067287 0.105280
2 0.539050 0.515373 0.035153 0.091280
2 0.573390 0.549360 0.061900 0.158293
80 0.703704 0.682667 0.041868 0.053333
