2 0.104730 0.772387 0.209461 0.449893
2 0.932415 0.540520 0.133559 0.300080
2 0.861095 0.533160 0.135813 0.227067
2 0.806091 0.513013 0.126143 0.197707
2 0.765499 0.516400 0.118148 0.152853
2 0.730378 0.491440 0.092367 0.130613
2 0.688132 0.648933 0.165862 0.382293
2 0.620117 0.576013 0.082069 0.189627
2 0.353881 0.594760 0.113156 0.241253
2 0.400016 0.530200 0.082254 0.213360
2 0.658977 0.482320 0.083446 0.118667
2 0.428060 0.545027 0.049098 0.134853
2 0.441095 0.522773 0.043043 0.106720
2 0.522174 0.491667 0.053655 0.064240
7 0.527790 0.443427 0.052246 0.182213
