2 0.507407 0.566573 0.053349 0.167493
2 0.740354 0.616400 0.175749 0.331040
2 0.615713 0.548987 0.085097 0.146720
2 0.580205 0.533173 0.072440 0.102347
2 0.056852 0.742253 0.113704 0.424667
2 0.349839 0.553107 0.063446 0.133787
2 0.421180 0.520053 0.035177 0.079040
2 0.210926 0.584333 0.107230 0.151813
2 0.272774 0.548853 0.065982 0.135840
2 0.467242 0.503573 0.025242 0.047627
2 0.342738 0.527187 0.047246 0.084400
2 0.404328 0.517600 0.038655 0.057440
2 0.060386 0.578440 0.116844 0.155547
2 0.085853 0.544280 0.104847 0.102960
2 0.537919 0.493147 0.018816 0.040427
