2 0.522395 0.615507 0.084114 0.263920
2 0.635056 0.545947 0.104058 0.161333
2 0.586433 0.527813 0.061514 0.100693
2 0.566602 0.519107 0.055024 0.075493
2 0.212907 0.632093 0.126828 0.223333
2 0.082947 0.644920 0.165894 0.217467
2 0.420233 0.519520 0.031498 0.070293
2 0.465407 0.504107 0.022697 0.052693
2 0.491469 0.493987 0.018060 0.041840
2 0.306409 0.548880 0.061675 0.100213
2 0.338820 0.529827 0.042456 0.098960
2 0.382069 0.518360 0.036200 0.067067
2 0.427460 0.512387 0.032907 0.048080
2 0.209521 0.544613 0.065129 0.102187
2 0.197911 0.528387 0.069702 0.075867
