2 0.848619 0.730813 0.301151 0.533040
2 0.071542 0.684720 0.143084 0.560693
2 0.110672 0.656720 0.221345 0.303307
2 0.223430 0.618707 0.191626 0.234693
2 0.277391 0.592293 0.162415 0.211200
2 0.294489 0.574520 0.121425 0.193200
2 0.311880 0.555747 0.142472 0.171067
2 0.344895 0.538253 0.096490 0.124720
2 0.380660 0.503400 0.079469 0.121947
1 0.463184 0.500093 0.007190 0.060400
2 0.590552 0.578840 0.068156 0.173253
2 0.658937 0.537360 0.113124 0.150933
2 0.588281 0.504133 0.063341 0.093600
2 0.523011 0.504640 0.022254 0.055787
