2 0.600680 0.587813 0.082874 0.189013
2 0.203949 0.730480 0.248188 0.494827
2 0.527508 0.509640 0.029493 0.073680
2 0.058833 0.668293 0.117665 0.342240
2 0.343112 0.595387 0.100636 0.215200
2 0.236868 0.571880 0.098277 0.162320
2 0.310314 0.543333 0.056393 0.107253
2 0.350902 0.509600 0.036200 0.099040
2 0.423253 0.518613 0.029597 0.069920
2 0.379919 0.497613 0.034589 0.081147
2 0.435519 0.507747 0.022182 0.055547
2 0.484948 0.509040 0.022391 0.069600
2 0.502778 0.493373 0.010902 0.036773
80 0.159146 0.742021 0.047542 0.069149
