2 0.697093 0.694240 0.186103 0.456960
2 0.100805 0.731147 0.201610 0.471093
2 0.133909 0.643627 0.267818 0.342240
2 0.171300 0.594053 0.199895 0.329333
2 0.221035 0.590347 0.157738 0.198613
2 0.298551 0.572387 0.132738 0.166267
2 0.327186 0.560920 0.118961 0.157307
2 0.333973 0.544013 0.092762 0.150213
2 0.345081 0.530533 0.112367 0.136373
2 0.368728 0.525520 0.078921 0.103360
2 0.391691 0.498253 0.068969 0.106373
1 0.465141 0.495947 0.006224 0.053280
2 0.564726 0.555613 0.049549 0.131547
2 0.624915 0.518893 0.090556 0.123173
2 0.575411 0.504853 0.055668 0.082773
2 0.518064 0.501760 0.020024 0.050773
80 0.722222 0.809333 0.040258 0.050667
