0 0.368261 0.585547 0.044622 0.348640
2 0.447705 0.518360 0.052576 0.142480
0 0.210459 0.517893 0.026940 0.198347
0 0.118281 0.516653 0.025934 0.228560
0 0.122878 0.474893 0.015692 0.167760
2 0.900008 0.569173 0.155185 0.154080
2 0.816812 0.546640 0.087101 0.128480
2 0.880926 0.550000 0.097295 0.122987
2 0.934010 0.551693 0.101385 0.124560
0 0.110878 0.515027 0.022963 0.208773
0 0.167955 0.481213 0.020145 0.182053
0 0.143861 0.486987 0.018591 0.162293
0 0.223961 0.489933 0.010225 0.133787
0 0.206783 0.479680 0.013100 0.141173
0 0.197657 0.487040 0.011981 0.121280
0 0.181490 0.483507 0.013478 0.133520
2 0.498732 0.495453 0.029026 0.075227
0 0.184348 0.467213 0.012045 0.116987
