2 0.083514 0.736800 0.167029 0.456107
2 0.116361 0.663427 0.232721 0.343333
2 0.208663 0.601387 0.191224 0.244480
2 0.243704 0.553253 0.176795 0.256267
1 0.421481 0.535307 0.015797 0.118240
2 0.954654 0.732813 0.089082 0.529040
2 0.896783 0.729827 0.204823 0.453093
2 0.827391 0.638520 0.236715 0.302587
2 0.763422 0.601040 0.160242 0.243467
2 0.714243 0.587200 0.173688 0.213333
2 0.673728 0.571053 0.151659 0.164240
2 0.655866 0.545720 0.121490 0.175013
2 0.344106 0.536653 0.100692 0.109467
2 0.364090 0.526680 0.084557 0.098213
2 0.526731 0.520213 0.035250 0.086507
2 0.510278 0.500733 0.020878 0.058907
2 0.495346 0.473933 0.012560 0.049307
80 0.966586 0.762667 0.050725 0.080000
