2 0.496791 0.540520 0.047496 0.127867
2 0.175479 0.745440 0.268478 0.477653
2 0.313064 0.582507 0.116320 0.206400
2 0.349678 0.558173 0.107472 0.165787
2 0.389267 0.527373 0.083494 0.109253
2 0.426312 0.485053 0.065459 0.114427
2 0.789730 0.737480 0.244211 0.426693
2 0.673366 0.598907 0.128470 0.281387
0 0.577975 0.523760 0.010733 0.119893
2 0.705853 0.527467 0.107005 0.135520
2 0.075946 0.642333 0.151892 0.306800
2 0.493128 0.511600 0.028462 0.085973
2 0.159231 0.574400 0.130314 0.212747
2 0.238865 0.564853 0.091755 0.157440
2 0.831586 0.504467 0.163269 0.200027
