2 0.491059 0.553960 0.048285 0.130960
2 0.054944 0.760867 0.109887 0.472933
2 0.226767 0.606293 0.136369 0.244160
2 0.355439 0.650547 0.134163 0.273093
2 0.396816 0.587507 0.070024 0.194267
2 0.340765 0.545133 0.082351 0.122107
2 0.450543 0.511960 0.022746 0.059600
0 0.886401 0.751653 0.165314 0.491360
2 0.772609 0.751093 0.300386 0.492480
2 0.640378 0.652360 0.136006 0.277840
2 0.587387 0.572947 0.071892 0.188667
2 0.528945 0.530360 0.031176 0.080133
7 0.526506 0.465267 0.039082 0.156187
2 0.484634 0.524173 0.030346 0.091760
2 0.147617 0.537587 0.083913 0.110480
80 0.014895 0.812000 0.029791 0.072000
