2 0.504670 0.566853 0.052512 0.165173
2 0.809710 0.678400 0.212689 0.460320
2 0.627415 0.560813 0.095105 0.167920
2 0.586638 0.537227 0.078929 0.112640
2 0.284545 0.592587 0.097931 0.194133
2 0.396019 0.531587 0.045370 0.095333
2 0.169171 0.604427 0.131111 0.176960
2 0.247419 0.556427 0.074501 0.150667
2 0.453390 0.509147 0.029147 0.054347
2 0.331429 0.531893 0.051087 0.090347
2 0.395564 0.518453 0.041820 0.060480
2 0.033035 0.592613 0.066071 0.171200
2 0.051936 0.550653 0.103873 0.114427
2 0.519750 0.500680 0.018229 0.049947
2 0.545705 0.490133 0.020362 0.039573
2 0.257097 0.530907 0.062456 0.087787
80 0.762882 0.654667 0.042673 0.050667
