0 0.556405 0.469907 0.014936 0.150267
0 0.235048 0.523053 0.031916 0.320027
0 0.550934 0.581867 0.053575 0.396213
0 0.608345 0.557600 0.046546 0.412373
0 0.505233 0.520013 0.030515 0.292293
0 0.477661 0.526707 0.032520 0.297627
0 0.557472 0.513787 0.048341 0.268320
0 0.591296 0.506947 0.024042 0.252667
0 0.971510 0.622680 0.026385 0.210320
0 0.389996 0.525347 0.027206 0.297733
0 0.402609 0.520147 0.019678 0.248400
0 0.432395 0.504880 0.025870 0.275893
0 0.461522 0.523000 0.015314 0.229147
0 0.443603 0.504320 0.022246 0.243520
0 0.373897 0.482453 0.017762 0.193067
0 0.428949 0.479680 0.014952 0.176427
2 0.107697 0.492000 0.215395 0.984000
