2 0.497496 0.530507 0.048180 0.129760
2 0.175886 0.664680 0.205201 0.330960
2 0.258474 0.615693 0.152005 0.231867
2 0.327436 0.543120 0.087271 0.147413
2 0.415833 0.565387 0.069203 0.145387
2 0.382254 0.519373 0.062287 0.090320
2 0.804859 0.527613 0.388671 0.939440
2 0.616091 0.582173 0.103535 0.228027
2 0.581232 0.551653 0.070064 0.148533
2 0.561296 0.511560 0.046554 0.128240
2 0.528152 0.496360 0.025306 0.064560
2 0.038474 0.660573 0.076948 0.270587
2 0.119783 0.555813 0.193398 0.322773
2 0.494501 0.507627 0.031063 0.093867
2 0.023696 0.566587 0.047391 0.153973
