0 0.550805 0.462933 0.014493 0.151147
0 0.221981 0.528080 0.031401 0.324907
0 0.796820 0.672093 0.176699 0.623813
0 0.877480 0.647747 0.187069 0.672507
0 0.628502 0.602693 0.061997 0.440960
0 0.570125 0.600040 0.046433 0.427173
0 0.699219 0.593613 0.052609 0.439440
0 0.755628 0.598373 0.042947 0.420000
0 0.784940 0.545653 0.035161 0.206720
0 0.414670 0.589173 0.038647 0.412960
0 0.441735 0.583307 0.023889 0.346293
0 0.474734 0.560760 0.034895 0.378320
0 0.509887 0.578907 0.027649 0.310453
0 0.524251 0.545813 0.030596 0.333173
0 0.396498 0.503787 0.024428 0.245013
0 0.461393 0.504200 0.021739 0.225253
0 0.489561 0.500347 0.023084 0.244267
0 0.533708 0.493387 0.032858 0.230987
2 0.107649 0.492000 0.215298 0.984000
