2 0.951602 0.538560 0.095185 0.445440
2 0.171957 0.751827 0.262013 0.491013
2 0.310044 0.621933 0.136320 0.267493
2 0.868333 0.508080 0.109259 0.213120
2 0.770600 0.519133 0.099171 0.171547
2 0.722436 0.514787 0.083470 0.151333
2 0.703027 0.513040 0.083317 0.129653
2 0.682432 0.499613 0.080644 0.121573
2 0.577299 0.552387 0.065692 0.173787
2 0.559887 0.540133 0.045459 0.111733
2 0.401320 0.535333 0.059388 0.137440
2 0.421373 0.505520 0.049219 0.138773
2 0.609026 0.485347 0.060258 0.088080
7 0.511244 0.451587 0.043325 0.146587
