2 0.497371 0.531493 0.042987 0.115733
2 0.198877 0.643347 0.150620 0.283440
2 0.262528 0.588160 0.139758 0.236053
2 0.330278 0.546040 0.094581 0.130640
2 0.430193 0.553293 0.053462 0.128240
2 0.446828 0.532293 0.043221 0.111467
2 0.385447 0.512747 0.074163 0.098667
2 0.626832 0.615600 0.106240 0.243840
7 0.590213 0.445040 0.096159 0.340053
0 0.663148 0.542133 0.017713 0.200533
2 0.537826 0.505120 0.029565 0.081013
7 0.520044 0.450947 0.030588 0.128933
2 0.491494 0.507293 0.028156 0.085093
2 0.197665 0.524907 0.068567 0.102027
