2 0.457174 0.540773 0.038551 0.101547
2 0.150024 0.780853 0.300048 0.432960
2 0.088965 0.730893 0.177931 0.468347
2 0.279891 0.579373 0.122053 0.157360
2 0.321779 0.556360 0.090258 0.144880
2 0.361184 0.539693 0.077246 0.099973
2 0.382991 0.535760 0.057448 0.086933
2 0.394541 0.507093 0.059356 0.095573
2 0.606522 0.632587 0.112206 0.270080
2 0.575209 0.590640 0.064010 0.174240
2 0.546481 0.559640 0.057150 0.138907
7 0.524461 0.461147 0.056312 0.241813
2 0.184404 0.550867 0.072432 0.105520
2 0.467130 0.522747 0.028800 0.082133
