2 0.502013 0.563040 0.052576 0.143307
2 0.853144 0.597600 0.292101 0.799467
2 0.044767 0.563427 0.089533 0.271760
2 0.140978 0.730040 0.236192 0.534587
2 0.242250 0.641733 0.187303 0.305173
2 0.303841 0.605147 0.161739 0.228480
2 0.378961 0.553720 0.091369 0.150427
2 0.424771 0.515040 0.061860 0.082667
2 0.640161 0.602093 0.096264 0.195387
2 0.596224 0.541187 0.062705 0.151547
0 0.560322 0.538947 0.016908 0.127227
2 0.498370 0.523227 0.030878 0.093280
2 0.171345 0.518813 0.092319 0.118107
2 0.668474 0.485387 0.073583 0.096480
80 0.177134 0.730667 0.053140 0.058667
