2 0.478631 0.545600 0.046457 0.125387
2 0.188494 0.759467 0.322770 0.475733
2 0.327130 0.666093 0.136659 0.307653
2 0.217126 0.630520 0.140725 0.242053
2 0.327347 0.548400 0.086594 0.125227
2 0.347504 0.533920 0.080467 0.122507
2 0.372798 0.522880 0.057963 0.082827
2 0.437862 0.516240 0.033792 0.079307
2 0.397637 0.502813 0.055386 0.071013
2 0.750874 0.727067 0.248285 0.540533
2 0.543756 0.537760 0.046337 0.114987
7 0.536864 0.449560 0.054098 0.208507
0 0.590137 0.505867 0.009130 0.116267
2 0.130439 0.550787 0.098140 0.116773
2 0.482633 0.514720 0.029227 0.088373
80 0.789452 0.802667 0.055556 0.069333
