0 0.042456 0.506120 0.031256 0.148133
0 0.398370 0.481533 0.010668 0.098747
2 0.375990 0.469507 0.044203 0.112240
2 0.405914 0.474760 0.043873 0.083440
2 0.448696 0.473587 0.051948 0.072560
2 0.566453 0.454600 0.051506 0.092400
2 0.588168 0.462107 0.038688 0.062507
2 0.621320 0.458067 0.042158 0.066533
2 0.647085 0.465520 0.048229 0.052853
2 0.670044 0.464093 0.035757 0.053253
2 0.690024 0.466800 0.039630 0.050293
2 0.711554 0.461787 0.046554 0.052533
2 0.748780 0.445787 0.049767 0.073440
2 0.767625 0.454693 0.044461 0.049973
2 0.785193 0.455413 0.039002 0.045760
