2 0.476940 0.550133 0.047279 0.128213
2 0.056767 0.760600 0.113535 0.473467
2 0.177122 0.793013 0.354243 0.408640
2 0.327729 0.677053 0.134348 0.337573
2 0.371047 0.611693 0.086329 0.205147
2 0.281059 0.593347 0.109122 0.173307
2 0.436135 0.517120 0.028325 0.069653
2 0.811880 0.771853 0.374630 0.450960
2 0.628253 0.627600 0.120467 0.302933
2 0.528281 0.537187 0.039815 0.097040
7 0.523249 0.450040 0.047882 0.182320
0 0.568506 0.503507 0.007512 0.100560
2 0.176002 0.540080 0.076385 0.097920
2 0.476043 0.524560 0.029670 0.089760
2 0.045238 0.585227 0.090475 0.153333
80 0.899356 0.909333 0.080515 0.085333
