0 0.781268 0.548000 0.044823 0.353760
1 0.157947 0.740747 0.153221 0.513173
1 0.325105 0.599267 0.046554 0.295867
2 0.665085 0.635347 0.152697 0.363493
2 0.595399 0.557120 0.090121 0.255893
2 0.566755 0.526280 0.063945 0.192560
2 0.551848 0.518213 0.043229 0.129760
0 0.514106 0.476307 0.011804 0.090693
0 0.519662 0.478880 0.009662 0.087787
2 0.437367 0.479773 0.021449 0.071813
0 0.478680 0.475960 0.008052 0.061093
2 0.384694 0.523613 0.042786 0.104773
2 0.103973 0.768933 0.207947 0.456800
2 0.225370 0.659880 0.161868 0.307920
2 0.304952 0.590640 0.100000 0.207040
2 0.348824 0.545787 0.067713 0.155787
