2 0.494110 0.534627 0.047512 0.127920
2 0.243784 0.617613 0.163655 0.243547
2 0.300101 0.586387 0.126481 0.182267
2 0.344626 0.535347 0.077834 0.127547
2 0.424819 0.551293 0.057738 0.122747
2 0.391916 0.514307 0.058003 0.081893
2 0.701441 0.553693 0.241063 0.650427
2 0.589907 0.559840 0.080153 0.181920
2 0.566244 0.540640 0.057544 0.125867
2 0.552299 0.511413 0.040266 0.113440
2 0.522802 0.501027 0.023382 0.060080
2 0.079569 0.633760 0.159138 0.239360
2 0.183869 0.540227 0.143905 0.260187
2 0.491417 0.510107 0.031304 0.094613
2 0.054533 0.567507 0.109066 0.144240
