2 0.500185 0.534640 0.044316 0.138773
2 0.954823 0.721227 0.088744 0.552213
2 0.710221 0.613907 0.176514 0.299440
2 0.667496 0.569320 0.134332 0.218000
2 0.642919 0.535307 0.106997 0.183627
2 0.590688 0.502653 0.093406 0.155333
2 0.568301 0.509160 0.068760 0.093147
2 0.544549 0.490947 0.045040 0.061093
2 0.289215 0.523947 0.061039 0.110720
2 0.417927 0.474907 0.035741 0.107893
2 0.325165 0.519213 0.044372 0.087973
2 0.353611 0.516040 0.033905 0.061360
2 0.394275 0.497333 0.027359 0.047947
2 0.271087 0.516987 0.036570 0.075253
2 0.018788 0.523040 0.036014 0.088373
