2 0.072001 0.710400 0.144002 0.431520
2 0.130157 0.667427 0.260314 0.339920
2 0.164513 0.615307 0.241377 0.268800
2 0.868374 0.747733 0.261643 0.499200
2 0.598905 0.593427 0.079807 0.181093
2 0.257504 0.588960 0.160789 0.213813
2 0.290209 0.571520 0.129823 0.208480
2 0.322721 0.549533 0.100370 0.153893
2 0.648885 0.555427 0.104887 0.113040
2 0.362693 0.499827 0.084211 0.145413
2 0.527387 0.486120 0.031490 0.108827
2 0.394489 0.514653 0.065757 0.073147
2 0.410584 0.499693 0.058011 0.079813
2 0.515149 0.480413 0.021812 0.084933
