2 0.483760 0.530093 0.041659 0.107920
2 0.217311 0.613160 0.144895 0.232667
2 0.378551 0.624480 0.101643 0.235307
2 0.412665 0.570053 0.069275 0.173653
2 0.334730 0.530307 0.099911 0.138427
2 0.842492 0.777453 0.313406 0.439760
7 0.652834 0.448947 0.191900 0.623867
0 0.781035 0.638613 0.061731 0.411520
2 0.542178 0.526800 0.041763 0.108320
2 0.525354 0.515547 0.030097 0.077120
7 0.517935 0.455400 0.035805 0.155547
2 0.228072 0.518173 0.060346 0.087813
2 0.472633 0.513587 0.027262 0.082427
2 0.050564 0.545760 0.101127 0.159520
