2 0.061180 0.753053 0.122359 0.488560
2 0.102778 0.685293 0.205556 0.383440
2 0.186518 0.609693 0.208333 0.263600
2 0.226981 0.550227 0.189324 0.272400
1 0.417218 0.538413 0.016884 0.124880
2 0.915825 0.751093 0.166739 0.492480
2 0.861989 0.657373 0.266361 0.336240
2 0.783567 0.616080 0.175105 0.264427
2 0.727738 0.596613 0.186248 0.228213
2 0.683048 0.576987 0.160749 0.173973
2 0.662947 0.548013 0.127890 0.183813
2 0.338466 0.534053 0.104517 0.113333
2 0.358986 0.529133 0.087568 0.101520
2 0.526936 0.522053 0.036385 0.089173
2 0.510161 0.501560 0.021337 0.060133
2 0.494525 0.474133 0.012689 0.049813
80 0.868760 0.816000 0.032206 0.058667
