2 0.066381 0.740747 0.132762 0.513173
2 0.097283 0.698987 0.194565 0.463840
2 0.140290 0.632160 0.280580 0.350773
2 0.175789 0.592840 0.190338 0.261520
2 0.244678 0.598667 0.171594 0.213067
2 0.264851 0.557800 0.165225 0.184453
2 0.314243 0.529387 0.114863 0.154080
2 0.329642 0.512067 0.114984 0.172720
1 0.446586 0.506933 0.010354 0.083040
2 0.725250 0.745253 0.212641 0.458720
2 0.785229 0.597947 0.217786 0.272907
2 0.730056 0.583107 0.156457 0.211280
2 0.687472 0.564107 0.124010 0.168053
2 0.644473 0.542467 0.111844 0.139547
2 0.624074 0.534133 0.104380 0.113493
2 0.617138 0.517520 0.086659 0.126560
2 0.381369 0.503827 0.076924 0.084667
2 0.395914 0.508293 0.066320 0.077920
2 0.525588 0.508413 0.028019 0.069573
2 0.500910 0.465813 0.011932 0.045493
80 0.023349 0.885333 0.046699 0.069333
