0 0.257359 0.490120 0.016103 0.131653
0 0.335306 0.481040 0.011272 0.093600
0 0.255612 0.463720 0.011272 0.098053
2 0.817170 0.546653 0.087174 0.128507
2 0.881308 0.550013 0.097383 0.123013
2 0.934183 0.551720 0.101039 0.124613
0 0.277866 0.466640 0.010998 0.104480
0 0.265640 0.469933 0.015692 0.091920
0 0.049159 0.548253 0.033551 0.282213
0 0.022025 0.528840 0.037303 0.286480
0 0.438052 0.585520 0.044283 0.299840
0 0.552967 0.567800 0.034356 0.318160
1 0.330225 0.523960 0.027939 0.182587
2 0.498889 0.495453 0.029050 0.075227
0 0.243977 0.466427 0.010467 0.097387
0 0.183510 0.467213 0.011546 0.117040
0 0.863478 0.517467 0.019324 0.096747
