2 0.052701 0.739013 0.105403 0.516640
2 0.654630 0.658493 0.135910 0.295707
2 0.119658 0.665213 0.239316 0.367760
2 0.172802 0.617000 0.215717 0.328507
2 0.253531 0.565853 0.145403 0.214427
2 0.694348 0.581427 0.141900 0.150107
2 0.616180 0.518013 0.096675 0.123920
2 0.329086 0.496680 0.105918 0.180347
2 0.528680 0.477667 0.037005 0.126533
2 0.373591 0.506667 0.077842 0.085920
2 0.394714 0.494667 0.066997 0.091787
2 0.512995 0.468160 0.024300 0.094133
2 0.433740 0.469733 0.045048 0.073333
80 0.048309 0.729333 0.043478 0.066667
