2 0.490946 0.530160 0.044597 0.120053
2 0.142814 0.772893 0.285628 0.448880
2 0.089022 0.727840 0.178043 0.410400
2 0.275507 0.582600 0.119469 0.191973
2 0.310322 0.555760 0.109324 0.174880
2 0.353390 0.534573 0.079694 0.107227
2 0.438184 0.535573 0.043325 0.104107
2 0.394972 0.506947 0.066224 0.086107
2 0.586425 0.566387 0.071562 0.170960
7 0.568990 0.442347 0.072810 0.275520
0 0.633140 0.514640 0.019050 0.159253
2 0.040862 0.576520 0.081723 0.159653
2 0.491735 0.505133 0.028575 0.086320
2 0.223277 0.518947 0.059630 0.092080
