2 0.051236 0.734387 0.102472 0.525893
2 0.102158 0.622773 0.204316 0.486080
1 0.370081 0.582933 0.031449 0.203147
2 0.961449 0.753520 0.075491 0.487627
2 0.873949 0.718400 0.250491 0.456853
2 0.799883 0.648960 0.276900 0.297387
2 0.749984 0.589253 0.203977 0.285547
2 0.280543 0.564507 0.143341 0.152693
2 0.313390 0.551307 0.116522 0.132960
2 0.531743 0.541600 0.046900 0.114400
2 0.375660 0.513987 0.062689 0.081467
2 0.509195 0.508467 0.025137 0.070267
2 0.490459 0.472467 0.013704 0.053787
80 0.980274 0.788000 0.037842 0.088000
