2 0.499030 0.530267 0.048478 0.130613
2 0.125068 0.699307 0.233841 0.401067
2 0.229376 0.635280 0.168575 0.266933
2 0.315036 0.547520 0.093663 0.159840
2 0.409078 0.572053 0.077351 0.159680
2 0.376465 0.515040 0.065282 0.094827
2 0.816031 0.498667 0.366329 0.997333
0 0.662428 0.621227 0.032472 0.300853
2 0.631948 0.593000 0.119485 0.258693
2 0.590805 0.555467 0.078438 0.163253
2 0.566196 0.511813 0.050427 0.137013
2 0.529847 0.498880 0.026377 0.067040
2 0.095294 0.555827 0.190588 0.366480
2 0.493345 0.502920 0.030974 0.093573
2 0.220576 0.510453 0.060089 0.087360
80 0.179549 0.669333 0.035427 0.042667
