2 0.500431 0.565280 0.053277 0.145493
2 0.834775 0.631613 0.328841 0.731440
2 0.062468 0.563293 0.124936 0.270053
2 0.193349 0.679107 0.206312 0.431067
2 0.267399 0.624653 0.169726 0.264187
2 0.319481 0.599053 0.147738 0.204560
2 0.385197 0.552733 0.086031 0.140347
2 0.427065 0.517920 0.058833 0.079307
2 0.626031 0.586973 0.085250 0.175867
2 0.588901 0.538280 0.057899 0.141947
0 0.555922 0.533013 0.014758 0.120107
2 0.496103 0.524027 0.031256 0.094453
2 0.185270 0.521480 0.086240 0.111760
2 0.663168 0.480773 0.071409 0.093760
