2 0.463366 0.536920 0.037874 0.102533
2 0.162617 0.790067 0.325233 0.414533
2 0.315081 0.714960 0.179936 0.413333
2 0.237536 0.596680 0.153929 0.236080
2 0.328627 0.545253 0.094549 0.114667
2 0.354255 0.530840 0.072601 0.110373
2 0.382001 0.522160 0.064420 0.080533
2 0.397951 0.517813 0.048333 0.071573
2 0.406043 0.497920 0.051538 0.081813
7 0.782085 0.498667 0.339163 0.997333
2 0.561884 0.563800 0.064799 0.165733
2 0.531341 0.531173 0.041506 0.103680
7 0.516940 0.460240 0.047697 0.196693
2 0.123998 0.553973 0.101554 0.124853
2 0.464010 0.516080 0.027810 0.081067
