2 0.484605 0.533747 0.045636 0.122853
2 0.101252 0.755360 0.202504 0.483947
2 0.181711 0.677533 0.220620 0.388933
2 0.315350 0.569453 0.116739 0.177253
2 0.368535 0.535893 0.092287 0.135307
2 0.419714 0.500400 0.061473 0.085173
2 0.766027 0.715853 0.243921 0.433200
2 0.569996 0.534360 0.049106 0.112187
2 0.533023 0.478107 0.031377 0.105653
2 0.258772 0.536867 0.073663 0.120773
2 0.491779 0.510093 0.030193 0.091227
2 0.034626 0.559613 0.069251 0.148880
2 0.180487 0.520667 0.077061 0.098187
80 0.080113 0.830667 0.071659 0.082667
