2 0.496884 0.521960 0.034992 0.109627
2 0.887444 0.720920 0.223502 0.552827
2 0.739549 0.645413 0.193607 0.347733
2 0.667943 0.585213 0.146691 0.269360
2 0.640467 0.558360 0.128309 0.190747
2 0.615596 0.534293 0.109501 0.167573
2 0.590314 0.517973 0.082528 0.105493
2 0.414155 0.511520 0.024074 0.057760
2 0.562045 0.501400 0.060660 0.078640
2 0.545258 0.496320 0.049678 0.062347
2 0.535173 0.481893 0.041570 0.063040
2 0.394738 0.493947 0.022359 0.051147
2 0.373378 0.492067 0.014807 0.039493
80 0.872383 0.736000 0.057166 0.064000
