2 0.086171 0.713053 0.172343 0.434480
2 0.160789 0.619427 0.228696 0.286000
2 0.209167 0.556893 0.203841 0.291227
1 0.412456 0.541907 0.018132 0.132347
2 0.940370 0.752120 0.117649 0.490427
2 0.875934 0.680840 0.246522 0.378320
2 0.807238 0.633600 0.192915 0.289867
2 0.744879 0.606680 0.201256 0.245787
2 0.693478 0.583640 0.170966 0.184933
2 0.671212 0.552480 0.135048 0.193600
2 0.331389 0.538933 0.108720 0.117600
2 0.353535 0.531747 0.090805 0.105040
2 0.527419 0.525627 0.037593 0.092053
2 0.510036 0.502427 0.021812 0.061387
2 0.493692 0.474347 0.012826 0.050347
80 0.931562 0.878667 0.043478 0.066667
