0 0.729448 0.678773 0.085886 0.631787
0 0.840636 0.580867 0.058776 0.546267
0 0.988426 0.592947 0.015097 0.527013
0 0.118953 0.814680 0.145121 0.359973
0 0.188003 0.810760 0.105491 0.367813
0 0.311554 0.658947 0.068261 0.249040
0 0.215217 0.811333 0.107037 0.366667
0 0.423148 0.545693 0.019050 0.226480
0 0.400225 0.545267 0.022271 0.214693
0 0.474670 0.525360 0.019855 0.188480
0 0.497528 0.497533 0.013285 0.140293
0 0.514324 0.523147 0.014767 0.181227
0 0.570825 0.494880 0.016643 0.158827
2 0.448647 0.477933 0.024863 0.064347
0 0.390427 0.525173 0.033043 0.181600
0 0.538253 0.514053 0.013688 0.162347
